3.354704752564430237e-02
2.920945733785629272e-02
5.076520610600709915e-03
3.155152872204780579e-02
-1.303515891777351499e-04
2.616451494395732880e-02
-7.921231910586357117e-03
-6.547894794493913651e-03
1.395547855645418167e-02
3.388261049985885620e-02
-2.416490763425827026e-02
3.961194679141044617e-02
2.573155425488948822e-02
1.413166057318449020e-02
-1.307774800807237625e-02
1.538933254778385162e-02
-2.761328779160976410e-02
2.398279681801795959e-02
3.787830471992492676e-02
-1.324190758168697357e-02
8.440539240837097168e-03
2.483595535159111023e-02
-3.108146041631698608e-02
-5.708147305995225906e-03
1.725753955543041229e-02
6.248722318559885025e-03
2.123537287116050720e-02
-9.880723664537072182e-04
-1.337242033332586288e-02
-2.628062665462493896e-02
-8.545830845832824707e-03
-1.766426488757133484e-02
2.338523790240287781e-02
1.737518468871712685e-03
1.037747226655483246e-02
-2.340481802821159363e-02
2.582939714193344116e-02
6.949108559638261795e-03
2.526910044252872467e-02
2.735449234023690224e-03
-1.954155042767524719e-02
-1.049798168241977692e-02
-7.063937839120626450e-03
3.237213566899299622e-02
1.439454220235347748e-02
2.160749398171901703e-02
4.419032484292984009e-03
2.584058418869972229e-02
2.123828604817390442e-02
-1.379622146487236023e-02
2.664246968924999237e-02
1.088449638336896896e-02
1.544793136417865753e-02
-5.644915159791707993e-03
1.567171700298786163e-02
5.756230559200048447e-03
1.439912244677543640e-02
1.326387375593185425e-02
-2.542180381715297699e-02
2.798262052237987518e-02
2.340877614915370941e-02
2.915110252797603607e-02
2.769699878990650177e-02
-2.387701999396085739e-03
2.580572292208671570e-02
-8.930869400501251221e-03
4.287000279873609543e-03
3.478713706135749817e-02
1.282477937638759613e-02
-8.019931614398956299e-03
2.477550413459539413e-03
3.826979547739028931e-02
-6.992704235017299652e-03
1.787824742496013641e-02
-1.418444793671369553e-02
1.787582226097583771e-02
9.981936309486627579e-04
-1.794555597007274628e-02
-1.701756007969379425e-02
-2.868312597274780273e-02
-2.940595336258411407e-02
-1.737482659518718719e-02
2.954198792576789856e-02
1.375145651400089264e-02
1.182720297947525978e-03
1.147491578012704849e-02
1.849099760875105858e-03
3.240260295569896698e-03
-2.253426238894462585e-02
-2.119538001716136932e-02
1.619837828911840916e-03
-2.186966827139258385e-03
2.020901814103126526e-02
1.690539158880710602e-02
2.016005292534828186e-02
-1.862935163080692291e-02
1.853297650814056396e-02
2.053116820752620697e-02
-3.001167066395282745e-02
6.532296538352966309e-03
1.097027328796684742e-03
-1.739146746695041656e-02
-2.387749776244163513e-02
5.272559938021004200e-04
1.725897379219532013e-02
1.998107321560382843e-02
-1.206922996789216995e-02
-7.102821953594684601e-03
2.184271812438964844e-02
1.784736476838588715e-02
3.512186463922262192e-03
-2.376557141542434692e-02
7.043728139251470566e-03
1.938212476670742035e-02
3.322558850049972534e-02
-1.588852331042289734e-02
-9.208972565829753876e-03
1.171718630939722061e-02
3.806451708078384399e-02
-2.305931225419044495e-02
-2.568870782852172852e-02
3.005070611834526062e-02
3.645925968885421753e-02
2.498964965343475342e-02
1.352135278284549713e-02
-1.263225264847278595e-02
-2.693685144186019897e-02
-2.559869363903999329e-02
-3.071549348533153534e-02
1.562361884862184525e-02
1.721199601888656616e-02
1.714351959526538849e-02
1.264576427638530731e-02
2.179965376853942871e-02
-2.298046089708805084e-02
-2.014678902924060822e-02
-2.073140069842338562e-02
4.725715145468711853e-02
6.069658324122428894e-03
5.061919800937175751e-03
2.315052971243858337e-02
1.798826083540916443e-02
1.209977455437183380e-02
-3.005762584507465363e-02
2.325944788753986359e-02
-1.210160367190837860e-02
-3.575672581791877747e-02
1.487089227885007858e-02
-8.061888627707958221e-03
-1.234396826475858688e-03
3.074354305863380432e-02
-2.691311575472354889e-02
-1.278576534241437912e-02
5.278239026665687561e-03
-2.423158101737499237e-02
3.720483928918838501e-02
2.677686512470245361e-02
-1.373383589088916779e-02
3.044585324823856354e-02
-1.598136685788631439e-02
3.597202524542808533e-02
-2.168563893064856529e-03
-1.136252935975790024e-02
5.938909947872161865e-03
-2.147889509797096252e-02
2.554225549101829529e-02
-6.521435454487800598e-03
-2.775069884955883026e-02
1.836805790662765503e-02
-1.697134971618652344e-02
9.520917199552059174e-03
1.333356555551290512e-02
2.066011726856231689e-02
2.689769491553306580e-02
-1.924466341733932495e-02
-1.276670489460229874e-02
1.281715463846921921e-02
2.317045629024505615e-02
-8.139436249621212482e-04
-5.948896519839763641e-03
-1.683739013969898224e-02
1.824203506112098694e-02
4.413507878780364990e-03
3.865170851349830627e-02
2.823655726388096809e-03
2.964562922716140747e-02
3.723879158496856689e-02
-1.077002030797302723e-03
8.579195127822458744e-04
-7.938529364764690399e-03
1.342349778860807419e-02
2.682148013263940811e-03
-2.989278174936771393e-02
-1.753155328333377838e-02
3.728368505835533142e-02
3.955371677875518799e-02
1.652411743998527527e-02
-2.282258309423923492e-02
-1.732787489891052246e-02
-6.820861250162124634e-03
-3.850310668349266052e-02
-2.518703043460845947e-02
-1.903937943279743195e-02
1.302475761622190475e-02
1.744613982737064362e-03
1.714403368532657623e-02
-2.762677147984504700e-02
2.249654568731784821e-02
1.061963755637407303e-02
2.721208520233631134e-02
3.315768763422966003e-02
1.297601498663425446e-02
-2.301963977515697479e-02
2.215967886149883270e-02
1.408285647630691528e-02
1.564551785122603178e-04
2.476743608713150024e-02
-1.305075827986001968e-03
-9.822227060794830322e-03
2.729230560362339020e-03
-2.862486615777015686e-02
3.062272630631923676e-02
2.369538322091102600e-02
-7.845737040042877197e-03
2.146232128143310547e-02
-1.837636902928352356e-02
-2.291234582662582397e-02
4.394442215561866760e-02
3.268992900848388672e-02
-1.379559282213449478e-02
3.140400350093841553e-02
9.716832078993320465e-03
-2.976271323859691620e-02
3.076456673443317413e-02
1.817469112575054169e-02
-1.474385429173707962e-02
-1.651377975940704346e-02
-1.065748650580644608e-02
-3.049891255795955658e-02
-1.510676462203264236e-02
2.640268579125404358e-02
2.310667186975479126e-02
3.493511676788330078e-02
-1.586347585543990135e-03
-3.108104318380355835e-02
-7.581727113574743271e-03
-4.192059859633445740e-03
1.214610133320093155e-02
8.299577049911022186e-03
-9.503287263214588165e-03
2.186619443818926811e-03
-1.539904717355966568e-02
-3.062145970761775970e-02
-1.880289427936077118e-02
3.693155571818351746e-02
-1.000720541924238205e-02
-3.692883253097534180e-02
3.365941718220710754e-02
2.622689865529537201e-02
3.495138138532638550e-02
2.223231270909309387e-02
-9.821215644478797913e-03
-1.882993243634700775e-02
-1.476383302360773087e-03
-1.349083241075277328e-02
-1.034762058407068253e-02
-2.341646701097488403e-03
5.665854550898075104e-03
-2.894159872084856033e-03
9.742190130054950714e-03
2.113722823560237885e-02
-1.375166047364473343e-02
3.095927834510803223e-02
9.822374209761619568e-03
1.137106027454137802e-02
4.414334893226623535e-03
-1.093967584893107414e-03
-9.673440828919410706e-03
2.903562225401401520e-02
-3.277107328176498413e-02
-2.169861085712909698e-02
1.014118175953626633e-02
-3.350580111145973206e-02
1.015427149832248688e-02
-9.731245809234678745e-04
3.361887112259864807e-02
-1.771199889481067657e-02
3.798370063304901123e-02
3.383969888091087341e-02
3.586465865373611450e-02
-3.782673925161361694e-02
-1.544539909809827805e-02
-2.212170744314789772e-03
1.810399442911148071e-02
7.619739044457674026e-03
-2.726963534951210022e-02
1.800909452140331268e-02
2.039345353841781616e-02
1.110134180635213852e-03
8.930471725761890411e-03
3.382693603634834290e-02
2.869505062699317932e-02
3.965167328715324402e-02
2.541750483214855194e-02
3.893905878067016602e-02
-2.386628091335296631e-02
-4.617023514583706856e-04
-1.787066273391246796e-02
-1.156731322407722473e-02
-1.434926223009824753e-02
8.547923527657985687e-03
-2.131934277713298798e-02
-1.490452513098716736e-02
-8.478961884975433350e-03
-1.851320639252662659e-02
1.872054673731327057e-02
7.285241968929767609e-03
-6.058600265532732010e-03
-4.836581181734800339e-03
-2.318871207535266876e-02
-2.502633025869727135e-03
2.419516816735267639e-02
-2.520631998777389526e-02
-7.846152409911155701e-03
2.603343687951564789e-02
7.007645908743143082e-03
-9.190106648020446301e-04
3.218667581677436829e-02
1.859729178249835968e-02
-2.093272283673286438e-03
-3.953116480261087418e-03
-2.952507883310317993e-02
-3.152018785476684570e-02
-3.051377832889556885e-02
8.966407738626003265e-03
2.621085569262504578e-02
-5.539575591683387756e-03
-1.590502820909023285e-02
-3.731064870953559875e-02
8.829544298350811005e-03
1.521412283182144165e-02
3.291920945048332214e-02
-9.409717284142971039e-03
-2.630961127579212189e-02
-2.641225000843405724e-03
1.088983844965696335e-02
-1.475806068629026413e-02
-1.526049245148897171e-02
-1.823224313557147980e-02
1.022200286388397217e-02
-2.026274427771568298e-02
-8.787540718913078308e-03
-2.660725265741348267e-02
-4.224591422826051712e-03
-9.051744826138019562e-03
2.095485571771860123e-03
2.071442455053329468e-02
-8.991073817014694214e-03
4.121723584830760956e-03
1.567232608795166016e-02
3.997087478637695312e-02
3.447655588388442993e-02
1.831980887800455093e-03
9.178935433737933636e-04
3.171719238162040710e-02
3.267129138112068176e-02
1.815401017665863037e-02
1.002316363155841827e-03
-8.910246193408966064e-03
2.422942966222763062e-02
-2.444887347519397736e-02
1.510626869276165962e-03
-9.014094248414039612e-03
-1.437109243124723434e-02
1.892057433724403381e-02
2.032234705984592438e-02
-2.051392197608947754e-02
4.165982361882925034e-03
-2.388853207230567932e-02
1.523055043071508408e-02
-8.405224652960896492e-04
2.612336724996566772e-02
3.445253148674964905e-02
-1.410396303981542587e-02
4.397643730044364929e-02
-3.571907430887222290e-02
1.140114292502403259e-02
-8.866587653756141663e-03
2.434248849749565125e-02
5.684726871550083160e-03
2.166395634412765503e-02
-3.090131096541881561e-02
-2.221908047795295715e-02
1.078544463962316513e-02
9.125586599111557007e-03
-1.089932676404714584e-02
-2.490130439400672913e-02
-6.809041369706392288e-03
-1.431203912943601608e-02
1.718810759484767914e-02
4.813246801495552063e-02
3.090142644941806793e-02
-2.375884540379047394e-02
2.059879526495933533e-02
-1.009447965770959854e-02
1.433843746781349182e-02
6.945003289729356766e-03
-2.372296899557113647e-02
-3.505247086286544800e-02
4.327385104261338711e-04
-4.582578316330909729e-03
-9.648411534726619720e-03
-1.149434410035610199e-02
3.704045712947845459e-02
2.730526961386203766e-02
-9.977625682950019836e-03
1.520845480263233185e-02
4.847305361181497574e-03
-8.906235918402671814e-03
2.731688134372234344e-02
2.864690870046615601e-02
1.355641335248947144e-02
2.773529663681983948e-02
-3.270185086876153946e-03
3.543070331215858459e-02
3.735418990254402161e-02
1.873402670025825500e-02
2.742379531264305115e-02
1.324144308455288410e-03
-6.665675435215234756e-03
-1.743710041046142578e-02
1.950084231793880463e-02
-6.296380888670682907e-03
3.594052046537399292e-02
1.882267743349075317e-02
2.159223519265651703e-02
-1.468248665332794189e-02
-2.684471942484378815e-02
3.456153720617294312e-02
2.515462227165699005e-02
1.660095341503620148e-02
-1.404134090989828110e-03
5.343148950487375259e-03
3.748676180839538574e-02
-1.342966593801975250e-02
5.614825524389743805e-03
-1.258308161050081253e-02
3.216610988602042198e-03
-1.233039703220129013e-02
1.143601443618535995e-02
2.174763754010200500e-02
-3.105048276484012604e-02
3.155181929469108582e-02
-9.777204133570194244e-03
-4.132199683226644993e-04
1.442089769989252090e-02
1.657032035291194916e-02
-2.422917261719703674e-02
3.332147747278213501e-02
-3.232456510886549950e-03
-2.608556486666202545e-02
-1.058632694184780121e-02
-3.408739715814590454e-02
-3.153608739376068115e-02
-6.865703035145998001e-03
-3.415074571967124939e-02
-2.389287389814853668e-02
-2.397690154612064362e-02
2.853806316852569580e-02
2.209131792187690735e-02
-1.587176695466041565e-02
-1.813559234142303467e-02
-6.063544191420078278e-03
-1.097809430211782455e-02
-3.062335215508937836e-02
-3.151139989495277405e-02
-1.854390837252140045e-02
-1.608769968152046204e-02
2.525813318789005280e-02
-1.936335489153862000e-02
2.980831265449523926e-02
7.664456963539123535e-03
4.537991061806678772e-02
2.346906810998916626e-02
-3.259776160120964050e-02
2.768671512603759766e-02
-3.181862458586692810e-02
1.330429781228303909e-02
1.623418182134628296e-02
3.360288962721824646e-02
-3.241492062807083130e-02
4.239115118980407715e-02
8.583817631006240845e-03
2.344641089439392090e-02
2.374813146889209747e-02
-1.643614284694194794e-02
2.563255093991756439e-02
-1.225842162966728210e-03
-3.439321741461753845e-02
-2.805326506495475769e-02
