3.585650818422436714e-03
-4.445510357618331909e-02
-7.607368752360343933e-05
3.397271037101745605e-02
5.911611765623092651e-02
3.306344896554946899e-02
1.305272150784730911e-02
2.025915868580341339e-02
-1.871023885905742645e-02
-2.350596524775028229e-02
-4.839279688894748688e-03
4.568654298782348633e-02
1.721958443522453308e-02
-2.872799709439277649e-02
5.007977783679962158e-02
1.761783659458160400e-02
-2.180283516645431519e-02
7.258932292461395264e-02
1.069465372711420059e-02
1.708916015923023224e-02
-1.861016638576984406e-02
-2.933310344815254211e-02
-4.313090816140174866e-02
3.017221391201019287e-02
5.887724459171295166e-02
5.579930171370506287e-02
2.696166187524795532e-02
2.702511614188551903e-03
1.080019026994705200e-02
2.143722958862781525e-02
-4.347927868366241455e-02
-3.975601121783256531e-02
-2.580302767455577850e-02
-8.397690951824188232e-02
-3.614335507154464722e-02
-4.147145897150039673e-02
2.356388978660106659e-02
2.791997604072093964e-02
-2.327446453273296356e-02
3.924393653869628906e-02
3.710305318236351013e-03
3.391490131616592407e-02
-1.326657272875308990e-02
-6.291110534220933914e-03
2.501590549945831299e-02
1.948159886524081230e-03
3.584592416882514954e-02
-4.012798145413398743e-02
2.492958493530750275e-02
2.530378662049770355e-02
