1.981541216373443604e-01
8.720817044377326965e-03
3.498156729619950056e-05
-1.781087182462215424e-02
1.798412650823593140e-01
2.125108093023300171e-01
3.142773406580090523e-03
1.517348736524581909e-01
2.948633432388305664e-01
-2.090128697454929352e-02
3.527748864144086838e-03
2.598098479211330414e-03
2.412854731082916260e-01
1.879757344722747803e-01
7.189346104860305786e-02
3.773613570956513286e-05
1.421416997909545898e-01
-1.690687835216522217e-01
2.625350356101989746e-01
3.445921174716204405e-05
