0.000000000000000000e+00 1.618838310241699219e-01 3.021282911300659180e+00 7.720522880554199219e+00 0.000000000000000000e+00 1.722985506057739258e+00 0.000000000000000000e+00 3.277172088623046875e+00 2.228908920288085938e+01 7.943089008331298828e-01
1.114614105224609375e+01 0.000000000000000000e+00 1.134732484817504883e+00 7.139253616333007812e-01 2.570963859558105469e+00 6.545864105224609375e+00 2.068707084655761719e+01 0.000000000000000000e+00 6.369878768920898438e+00 4.400007724761962891e-01
0.000000000000000000e+00 6.005681514739990234e+00 2.513179588317871094e+01 2.190416574478149414e+00 0.000000000000000000e+00 0.000000000000000000e+00 0.000000000000000000e+00 9.737432479858398438e+00 2.040408849716186523e-01 0.000000000000000000e+00
0.000000000000000000e+00 1.633919525146484375e+01 0.000000000000000000e+00 0.000000000000000000e+00 7.986588001251220703e+00 0.000000000000000000e+00 0.000000000000000000e+00 4.335498332977294922e+00 4.814816951751708984e+00 4.572108268737792969e+00
9.195684432983398438e+00 0.000000000000000000e+00 0.000000000000000000e+00 2.006524562835693359e+00 4.567915916442871094e+00 6.122344017028808594e+00 2.688854980468750000e+01 0.000000000000000000e+00 4.701723098754882812e+00 0.000000000000000000e+00
3.140198469161987305e+00 1.954172515869140625e+01 3.748051643371582031e+00 0.000000000000000000e+00 2.653820753097534180e+00 0.000000000000000000e+00 0.000000000000000000e+00 9.845210075378417969e+00 7.422867774963378906e+00 3.341842651367187500e+00
2.292646408081054688e+00 7.988400936126708984e+00 6.710410594940185547e+00 2.665551662445068359e+00 2.005139827728271484e+00 2.228596925735473633e+00 7.452982425689697266e+00 0.000000000000000000e+00 1.261770057678222656e+01 0.000000000000000000e+00
5.335851669311523438e+00 0.000000000000000000e+00 4.256140708923339844e+00 1.640351653099060059e+00 2.884513378143310547e+00 3.408738613128662109e+00 1.212169075012207031e+01 0.000000000000000000e+00 6.419237136840820312e+00 1.318660140037536621e+00
2.646705389022827148e+00 5.208833217620849609e+00 1.555602264404296875e+01 1.179528236389160156e+01 0.000000000000000000e+00 0.000000000000000000e+00 0.000000000000000000e+00 1.429289436340332031e+01 8.308681488037109375e+00 6.350481510162353516e-01
0.000000000000000000e+00 0.000000000000000000e+00 0.000000000000000000e+00 1.071257972717285156e+01 0.000000000000000000e+00 3.154227066040039062e+01 1.370754718780517578e+00 0.000000000000000000e+00 1.145677375793457031e+01 1.087833309173583984e+01
0.000000000000000000e+00 0.000000000000000000e+00 0.000000000000000000e+00 5.719418525695800781e+00 4.816535472869873047e+00 8.200351715087890625e+00 0.000000000000000000e+00 1.698921680450439453e+00 2.871340751647949219e+00 1.932710647583007812e+01
0.000000000000000000e+00 8.606387138366699219e+00 3.071162796020507812e+01 7.511435508728027344e+00 0.000000000000000000e+00 0.000000000000000000e+00 0.000000000000000000e+00 6.423268318176269531e+00 6.034510612487792969e+00 0.000000000000000000e+00
0.000000000000000000e+00 4.170163154602050781e+00 1.553550958633422852e+00 7.710350990295410156e+00 3.270990133285522461e+00 0.000000000000000000e+00 0.000000000000000000e+00 1.044900989532470703e+01 5.573019504547119141e+00 1.722712755203247070e+00
0.000000000000000000e+00 8.131004333496093750e+00 2.173959922790527344e+01 3.306548118591308594e+00 0.000000000000000000e+00 0.000000000000000000e+00 0.000000000000000000e+00 4.601218223571777344e+00 6.729482650756835938e+00 0.000000000000000000e+00
0.000000000000000000e+00 1.349104118347167969e+01 4.929507255554199219e+00 5.937600612640380859e+00 0.000000000000000000e+00 1.843174695968627930e+00 0.000000000000000000e+00 5.902788043022155762e-02 4.053728103637695312e+00 3.829384326934814453e+00
2.025967407226562500e+01 0.000000000000000000e+00 5.191880226135253906e+00 0.000000000000000000e+00 0.000000000000000000e+00 4.517516136169433594e+00 4.611041545867919922e+00 6.354832649230957031e+00 1.528865575790405273e+00 1.577438712120056152e+00
0.000000000000000000e+00 0.000000000000000000e+00 8.551529884338378906e+00 1.920618438720703125e+01 0.000000000000000000e+00 3.153521537780761719e+00 0.000000000000000000e+00 0.000000000000000000e+00 9.806264877319335938e+00 4.221656799316406250e+00
0.000000000000000000e+00 0.000000000000000000e+00 2.876949071884155273e+00 9.907953262329101562e+00 0.000000000000000000e+00 7.684925079345703125e+00 3.872785329818725586e+00 0.000000000000000000e+00 1.616627120971679688e+01 2.375614166259765625e+00
0.000000000000000000e+00 0.000000000000000000e+00 0.000000000000000000e+00 8.014063835144042969e+00 1.994676589965820312e+00 2.399968624114990234e+00 0.000000000000000000e+00 1.133073091506958008e+00 8.434595108032226562e+00 1.855997467041015625e+01
0.000000000000000000e+00 9.351742267608642578e-02 0.000000000000000000e+00 2.942788505554199219e+01 0.000000000000000000e+00 5.952589988708496094e+00 0.000000000000000000e+00 1.266893386840820312e+00 6.596876621246337891e+00 5.876109123229980469e+00
0.000000000000000000e+00 8.956529617309570312e+00 1.664471626281738281e+01 0.000000000000000000e+00 0.000000000000000000e+00 0.000000000000000000e+00 0.000000000000000000e+00 3.932415485382080078e+00 0.000000000000000000e+00 0.000000000000000000e+00
0.000000000000000000e+00 0.000000000000000000e+00 0.000000000000000000e+00 9.486410140991210938e+00 0.000000000000000000e+00 3.074046134948730469e+01 4.780853271484375000e+00 0.000000000000000000e+00 7.941349029541015625e+00 8.031470298767089844e+00
0.000000000000000000e+00 0.000000000000000000e+00 0.000000000000000000e+00 5.959736824035644531e+00 6.442364215850830078e+00 0.000000000000000000e+00 0.000000000000000000e+00 6.711012363433837891e+00 8.743791580200195312e+00 2.093301391601562500e+01
6.833295345306396484e+00 0.000000000000000000e+00 7.256454229354858398e-01 2.560019731521606445e+00 4.849019527435302734e+00 5.986939907073974609e+00 2.355628013610839844e+01 0.000000000000000000e+00 7.517442226409912109e+00 3.421530723571777344e-01
0.000000000000000000e+00 0.000000000000000000e+00 0.000000000000000000e+00 2.631074523925781250e+01 0.000000000000000000e+00 8.827704429626464844e+00 0.000000000000000000e+00 0.000000000000000000e+00 9.192369461059570312e+00 7.581509590148925781e+00
0.000000000000000000e+00 0.000000000000000000e+00 0.000000000000000000e+00 2.041600227355957031e+01 0.000000000000000000e+00 8.311381340026855469e+00 0.000000000000000000e+00 3.649586677551269531e+00 5.306798934936523438e+00 8.863520622253417969e-02
5.649681568145751953e+00 0.000000000000000000e+00 0.000000000000000000e+00 0.000000000000000000e+00 1.724807620048522949e+00 1.050636577606201172e+01 2.258409500122070312e+01 0.000000000000000000e+00 9.844270706176757812e+00 1.023893594741821289e+00
0.000000000000000000e+00 0.000000000000000000e+00 0.000000000000000000e+00 3.135976076126098633e+00 0.000000000000000000e+00 1.600395965576171875e+01 3.172625899314880371e-01 0.000000000000000000e+00 4.843269348144531250e+00 5.368855476379394531e+00
0.000000000000000000e+00 0.000000000000000000e+00 0.000000000000000000e+00 2.678373336791992188e+01 0.000000000000000000e+00 9.368595123291015625e+00 0.000000000000000000e+00 0.000000000000000000e+00 8.076125144958496094e+00 6.088652610778808594e+00
0.000000000000000000e+00 0.000000000000000000e+00 0.000000000000000000e+00 5.729454517364501953e+00 9.261268615722656250e+00 0.000000000000000000e+00 0.000000000000000000e+00 3.498901128768920898e+00 4.450725555419921875e+00 1.925315284729003906e+01
0.000000000000000000e+00 1.953804397583007812e+01 4.629641771316528320e-01 0.000000000000000000e+00 7.920806884765625000e+00 0.000000000000000000e+00 0.000000000000000000e+00 8.299865722656250000e+00 4.571321487426757812e+00 3.716388702392578125e+00
1.295448064804077148e+00 3.387602567672729492e-01 3.538047313690185547e+00 4.081986904144287109e+00 0.000000000000000000e+00 0.000000000000000000e+00 3.192056417465209961e-01 0.000000000000000000e+00 1.802473068237304688e+01 4.478502750396728516e+00
3.623600244522094727e+00 0.000000000000000000e+00 4.827900886535644531e+00 0.000000000000000000e+00 1.275963425636291504e+00 2.506718397140502930e+00 4.765396118164062500e+00 0.000000000000000000e+00 1.639068031311035156e+01 3.548983573913574219e+00
1.724853157997131348e+00 1.964313125610351562e+01 3.256933450698852539e+00 0.000000000000000000e+00 6.458892822265625000e+00 0.000000000000000000e+00 1.348472237586975098e+00 6.528671264648437500e+00 7.398412704467773438e+00 2.348278760910034180e-01
0.000000000000000000e+00 0.000000000000000000e+00 0.000000000000000000e+00 2.117470359802246094e+01 0.000000000000000000e+00 1.238907623291015625e+01 0.000000000000000000e+00 8.818900585174560547e-01 3.676361083984375000e+00 4.817712783813476562e+00
0.000000000000000000e+00 0.000000000000000000e+00 5.852609872817993164e-02 3.534492969512939453e+00 4.484752655029296875e+00 0.000000000000000000e+00 0.000000000000000000e+00 6.669744491577148438e+00 3.566370487213134766e+00 1.203758811950683594e+01
0.000000000000000000e+00 5.363293170928955078e+00 2.519052314758300781e+01 8.407964706420898438e+00 0.000000000000000000e+00 0.000000000000000000e+00 0.000000000000000000e+00 8.361511230468750000e+00 4.084154605865478516e+00 0.000000000000000000e+00
4.196802139282226562e+00 0.000000000000000000e+00 0.000000000000000000e+00 2.450136661529541016e+00 4.876132965087890625e+00 0.000000000000000000e+00 0.000000000000000000e+00 5.139394283294677734e+00 1.423404574394226074e+00 1.766393280029296875e+01
2.507992553710937500e+01 0.000000000000000000e+00 6.541277885437011719e+00 0.000000000000000000e+00 0.000000000000000000e+00 5.953028798103332520e-03 7.004090309143066406e+00 2.079565286636352539e+00 5.330985069274902344e+00 2.663621664047241211e+00
0.000000000000000000e+00 0.000000000000000000e+00 0.000000000000000000e+00 3.219083404541015625e+01 0.000000000000000000e+00 5.592447757720947266e+00 0.000000000000000000e+00 0.000000000000000000e+00 1.045569801330566406e+01 8.819538116455078125e+00
0.000000000000000000e+00 2.793591976165771484e+00 0.000000000000000000e+00 0.000000000000000000e+00 1.868691635131835938e+01 2.888355255126953125e-01 0.000000000000000000e+00 5.079936027526855469e+00 3.463055849075317383e+00 7.436079978942871094e+00
1.409266114234924316e+00 1.830819320678710938e+01 2.723618030548095703e+00 0.000000000000000000e+00 2.372650384902954102e+00 0.000000000000000000e+00 0.000000000000000000e+00 9.189146041870117188e+00 6.431750774383544922e+00 0.000000000000000000e+00
2.154167175292968750e+01 0.000000000000000000e+00 5.921190261840820312e+00 0.000000000000000000e+00 1.275240421295166016e+00 0.000000000000000000e+00 5.730489730834960938e+00 6.494337320327758789e-01 1.541118144989013672e+00 6.221313953399658203e+00
0.000000000000000000e+00 0.000000000000000000e+00 0.000000000000000000e+00 2.347032546997070312e+00 5.423811912536621094e+00 6.742107272148132324e-01 0.000000000000000000e+00 4.288232803344726562e+00 3.843529701232910156e+00 1.514055061340332031e+01
0.000000000000000000e+00 1.103355526924133301e+00 2.670582532882690430e+00 9.966714382171630859e-01 1.705020904541015625e+01 1.773171424865722656e+00 0.000000000000000000e+00 5.708331108093261719e+00 2.676507234573364258e-01 7.233452320098876953e+00
0.000000000000000000e+00 2.299902677536010742e+00 5.133677721023559570e-01 0.000000000000000000e+00 1.818849563598632812e+01 0.000000000000000000e+00 1.669889807701110840e+00 2.624432563781738281e+00 4.027806282043457031e+00 6.400819778442382812e+00
1.238065481185913086e+00 1.723417401313781738e+00 7.016242027282714844e+00 1.071186923980712891e+01 0.000000000000000000e+00 0.000000000000000000e+00 0.000000000000000000e+00 2.320761489868164062e+01 1.868510246276855469e+00 6.761180877685546875e+00
0.000000000000000000e+00 0.000000000000000000e+00 0.000000000000000000e+00 6.010148525238037109e+00 0.000000000000000000e+00 2.853709411621093750e+01 4.139904975891113281e+00 0.000000000000000000e+00 1.133745384216308594e+01 8.849325180053710938e+00
6.795549392700195312e+00 0.000000000000000000e+00 3.348641395568847656e-01 0.000000000000000000e+00 8.555843353271484375e+00 1.021119499206542969e+01 2.004539299011230469e+01 0.000000000000000000e+00 3.884146451950073242e+00 4.327316761016845703e+00
0.000000000000000000e+00 0.000000000000000000e+00 3.679104804992675781e+00 2.819193267822265625e+01 0.000000000000000000e+00 5.073400497436523438e+00 0.000000000000000000e+00 0.000000000000000000e+00 1.041467857360839844e+01 7.782337188720703125e+00
5.052944183349609375e+00 0.000000000000000000e+00 1.700990796089172363e+00 0.000000000000000000e+00 8.293439865112304688e+00 6.088555335998535156e+00 1.630087661743164062e+01 0.000000000000000000e+00 1.905269026756286621e+00 3.109517335891723633e+00
0.000000000000000000e+00 0.000000000000000000e+00 0.000000000000000000e+00 7.188799858093261719e+00 9.026336669921875000e+00 0.000000000000000000e+00 0.000000000000000000e+00 4.170438766479492188e+00 6.306745529174804688e+00 2.210364151000976562e+01
2.293630123138427734e+00 1.000343918800354004e+00 3.035498619079589844e+00 1.021191835403442383e+00 1.034959983825683594e+01 8.011775970458984375e+00 2.088041687011718750e+01 0.000000000000000000e+00 2.304142713546752930e+00 0.000000000000000000e+00
2.389088439941406250e+01 0.000000000000000000e+00 7.164986133575439453e+00 0.000000000000000000e+00 0.000000000000000000e+00 3.865571498870849609e+00 7.864014625549316406e+00 0.000000000000000000e+00 9.034585952758789062e-01 1.619209527969360352e+00
1.525653457641601562e+01 1.652759313583374023e+00 4.898414134979248047e+00 0.000000000000000000e+00 2.195485115051269531e+00 0.000000000000000000e+00 1.142503499984741211e+00 1.469557881355285645e+00 2.806613922119140625e+00 4.578161239624023438e+00
0.000000000000000000e+00 0.000000000000000000e+00 4.941977500915527344e+00 1.291625022888183594e+01 0.000000000000000000e+00 4.008407592773437500e-01 0.000000000000000000e+00 0.000000000000000000e+00 1.748015785217285156e+01 1.763097047805786133e+00
2.873623371124267578e+00 8.447759628295898438e+00 7.796881675720214844e+00 6.772891998291015625e+00 0.000000000000000000e+00 0.000000000000000000e+00 0.000000000000000000e+00 1.793314933776855469e+01 5.582080841064453125e+00 2.312792778015136719e+00
0.000000000000000000e+00 0.000000000000000000e+00 8.634223937988281250e-01 3.191160583496093750e+01 0.000000000000000000e+00 5.537222862243652344e+00 0.000000000000000000e+00 4.399541616439819336e-01 9.609733581542968750e+00 5.234367370605468750e+00
3.806220531463623047e+00 2.126064109802246094e+01 5.834869384765625000e+00 0.000000000000000000e+00 6.556020259857177734e+00 0.000000000000000000e+00 1.749445199966430664e+00 4.270181179046630859e+00 8.565172195434570312e+00 1.687666475772857666e-01
1.152873611450195312e+01 0.000000000000000000e+00 1.576282620429992676e+00 1.298327803611755371e+00 0.000000000000000000e+00 6.963856697082519531e+00 4.591170310974121094e+00 1.182961463928222656e-02 4.679098606109619141e+00 0.000000000000000000e+00
0.000000000000000000e+00 0.000000000000000000e+00 0.000000000000000000e+00 6.026384830474853516e+00 5.530485153198242188e+00 3.966709852218627930e+00 0.000000000000000000e+00 3.470188617706298828e+00 6.478894233703613281e+00 1.929438781738281250e+01
1.239138722419738770e+00 3.795555114746093750e+00 7.974728345870971680e-01 1.421241998672485352e+00 8.540929794311523438e+00 7.557573795318603516e+00 2.050058937072753906e+01 0.000000000000000000e+00 4.673453807830810547e+00 0.000000000000000000e+00
0.000000000000000000e+00 2.598422050476074219e+00 0.000000000000000000e+00 0.000000000000000000e+00 2.413036727905273438e+01 0.000000000000000000e+00 0.000000000000000000e+00 3.584248065948486328e+00 6.615325927734375000e+00 1.618939590454101562e+01
0.000000000000000000e+00 0.000000000000000000e+00 0.000000000000000000e+00 2.157583236694335938e+01 0.000000000000000000e+00 5.999168395996093750e+00 0.000000000000000000e+00 9.448902606964111328e-01 5.204873085021972656e+00 3.212955236434936523e+00
0.000000000000000000e+00 0.000000000000000000e+00 0.000000000000000000e+00 4.141556739807128906e+00 1.784743070602416992e+00 5.636792182922363281e+00 0.000000000000000000e+00 4.141885757446289062e+00 2.733773708343505859e+00 1.649345016479492188e+01
0.000000000000000000e+00 0.000000000000000000e+00 0.000000000000000000e+00 7.887789249420166016e+00 0.000000000000000000e+00 1.546142578125000000e+01 0.000000000000000000e+00 0.000000000000000000e+00 6.002505302429199219e+00 5.507957458496093750e+00
0.000000000000000000e+00 8.840981125831604004e-01 1.999737977981567383e+00 7.304880142211914062e+00 5.311674118041992188e+00 1.528024673461914062e-01 0.000000000000000000e+00 0.000000000000000000e+00 1.445339584350585938e+01 7.710336685180664062e+00
7.346962928771972656e+00 0.000000000000000000e+00 3.160474300384521484e+00 1.908177375793457031e+00 8.010483741760253906e+00 7.573156356811523438e+00 2.816979980468750000e+01 0.000000000000000000e+00 5.796178817749023438e+00 0.000000000000000000e+00
0.000000000000000000e+00 4.922741889953613281e+00 0.000000000000000000e+00 0.000000000000000000e+00 2.437312316894531250e+01 0.000000000000000000e+00 4.720768928527832031e+00 6.478575706481933594e+00 6.404686927795410156e+00 4.546984195709228516e+00
0.000000000000000000e+00 0.000000000000000000e+00 1.229382276535034180e+00 2.424942398071289062e+01 0.000000000000000000e+00 9.509233474731445312e+00 0.000000000000000000e+00 0.000000000000000000e+00 3.613235473632812500e+00 3.071292638778686523e+00
0.000000000000000000e+00 0.000000000000000000e+00 0.000000000000000000e+00 1.136518859863281250e+01 0.000000000000000000e+00 2.762038612365722656e+01 6.807551383972167969e+00 0.000000000000000000e+00 7.142758369445800781e+00 1.182867717742919922e+01
0.000000000000000000e+00 7.955697774887084961e-01 9.511256814002990723e-01 4.739638328552246094e+00 1.515089988708496094e+00 0.000000000000000000e+00 2.421963691711425781e+00 2.630243539810180664e+00 1.741836547851562500e+01 0.000000000000000000e+00
0.000000000000000000e+00 0.000000000000000000e+00 9.364852905273437500e-01 3.449002075195312500e+01 0.000000000000000000e+00 5.383756637573242188e+00 0.000000000000000000e+00 3.790630578994750977e+00 1.022578430175781250e+01 3.340611457824707031e+00
0.000000000000000000e+00 4.340999126434326172e+00 4.212089538574218750e+00 7.405393123626708984e-01 1.148891067504882812e+01 6.253375530242919922e+00 2.269095993041992188e+01 0.000000000000000000e+00 4.984759330749511719e+00 0.000000000000000000e+00
0.000000000000000000e+00 0.000000000000000000e+00 5.670546531677246094e+00 0.000000000000000000e+00 0.000000000000000000e+00 6.538998603820800781e+00 9.007091522216796875e+00 0.000000000000000000e+00 2.250269889831542969e+01 2.524609088897705078e+00
0.000000000000000000e+00 2.303563117980957031e+00 0.000000000000000000e+00 0.000000000000000000e+00 1.851310348510742188e+01 1.378217220306396484e+00 0.000000000000000000e+00 4.651473045349121094e+00 3.495596647262573242e+00 1.131308269500732422e+01
3.332062959671020508e+00 0.000000000000000000e+00 2.037093639373779297e+00 3.034374713897705078e-01 1.731304931640625000e+01 1.411989480257034302e-01 2.980103731155395508e+00 7.790087461471557617e-01 5.836911201477050781e-01 7.628248214721679688e+00
1.546988725662231445e+00 1.832325172424316406e+01 3.151809692382812500e+00 0.000000000000000000e+00 3.067357540130615234e+00 0.000000000000000000e+00 3.231472373008728027e-01 5.895920753479003906e+00 6.873337745666503906e+00 0.000000000000000000e+00
0.000000000000000000e+00 0.000000000000000000e+00 0.000000000000000000e+00 4.903746604919433594e+00 2.172745227813720703e+00 5.655690670013427734e+00 4.552057266235351562e+00 0.000000000000000000e+00 2.148360443115234375e+01 1.749058961868286133e+00
5.240704059600830078e+00 0.000000000000000000e+00 8.381162643432617188e+00 6.715296268463134766e+00 0.000000000000000000e+00 0.000000000000000000e+00 0.000000000000000000e+00 1.506111049652099609e+01 0.000000000000000000e+00 8.391819000244140625e+00
0.000000000000000000e+00 8.416923522949218750e+00 7.976810336112976074e-01 1.720027685165405273e+00 4.001008868217468262e-01 0.000000000000000000e+00 0.000000000000000000e+00 1.504889678955078125e+01 3.585300445556640625e+00 3.199691772460937500e+00
0.000000000000000000e+00 3.842891216278076172e+00 6.050423622131347656e+00 3.941656589508056641e+00 0.000000000000000000e+00 0.000000000000000000e+00 0.000000000000000000e+00 1.829298210144042969e+01 2.983031272888183594e+00 4.547653675079345703e+00
1.733860611915588379e+00 1.701349496841430664e+00 7.279670715332031250e+00 1.015928745269775391e+01 0.000000000000000000e+00 0.000000000000000000e+00 0.000000000000000000e+00 2.402306747436523438e+01 2.581901073455810547e+00 5.008182525634765625e+00
0.000000000000000000e+00 0.000000000000000000e+00 0.000000000000000000e+00 0.000000000000000000e+00 6.162158012390136719e+00 5.199216842651367188e+00 0.000000000000000000e+00 4.668137550354003906e+00 2.367618560791015625e+00 1.414988708496093750e+01
0.000000000000000000e+00 1.272168064117431641e+01 9.841584205627441406e+00 3.114069461822509766e+00 0.000000000000000000e+00 4.362334012985229492e-01 0.000000000000000000e+00 1.587755084037780762e+00 6.033047676086425781e+00 0.000000000000000000e+00
0.000000000000000000e+00 0.000000000000000000e+00 0.000000000000000000e+00 9.416254043579101562e+00 0.000000000000000000e+00 2.113315010070800781e+01 0.000000000000000000e+00 0.000000000000000000e+00 3.626690626144409180e+00 7.872496128082275391e+00
0.000000000000000000e+00 0.000000000000000000e+00 3.254683017730712891e+00 7.199778556823730469e+00 0.000000000000000000e+00 5.218962669372558594e+00 4.933510780334472656e+00 0.000000000000000000e+00 1.465763282775878906e+01 2.698604106903076172e+00
1.991722106933593750e+01 0.000000000000000000e+00 3.759007930755615234e+00 0.000000000000000000e+00 0.000000000000000000e+00 0.000000000000000000e+00 1.779262781143188477e+00 5.042078971862792969e+00 0.000000000000000000e+00 1.053946495056152344e+01
0.000000000000000000e+00 1.478488564491271973e+00 0.000000000000000000e+00 2.102316319942474365e-01 1.877365112304687500e+01 4.466412663459777832e-01 1.088214516639709473e+00 4.183707237243652344e+00 6.985282897949218750e-02 6.726176261901855469e+00
1.859193325042724609e+00 0.000000000000000000e+00 4.279758453369140625e+00 3.540205001831054688e+00 0.000000000000000000e+00 7.565291404724121094e+00 1.675726509094238281e+01 0.000000000000000000e+00 1.195791435241699219e+01 0.000000000000000000e+00
2.278332710266113281e+00 0.000000000000000000e+00 1.429332160949707031e+01 6.200553894042968750e+00 0.000000000000000000e+00 1.310491561889648438e-02 0.000000000000000000e+00 7.563778162002563477e-01 1.983728027343750000e+01 0.000000000000000000e+00
1.879150962829589844e+01 0.000000000000000000e+00 0.000000000000000000e+00 0.000000000000000000e+00 0.000000000000000000e+00 6.861682891845703125e+00 1.241381645202636719e+01 0.000000000000000000e+00 4.460290968418121338e-01 3.530648469924926758e+00
1.375227570533752441e+00 1.293922328948974609e+01 1.790346384048461914e+00 0.000000000000000000e+00 7.769067287445068359e-01 0.000000000000000000e+00 2.220773696899414062e+00 4.637697219848632812e+00 5.530132293701171875e+00 0.000000000000000000e+00
2.090416336059570312e+01 0.000000000000000000e+00 7.848024368286132812e+00 0.000000000000000000e+00 6.616806983947753906e-01 0.000000000000000000e+00 1.025579261779785156e+01 0.000000000000000000e+00 6.303868770599365234e+00 7.325913906097412109e+00
0.000000000000000000e+00 1.823767662048339844e+01 1.695312738418579102e+00 0.000000000000000000e+00 6.036177635192871094e+00 0.000000000000000000e+00 0.000000000000000000e+00 8.359548568725585938e+00 5.349776268005371094e+00 3.309871673583984375e+00
0.000000000000000000e+00 0.000000000000000000e+00 1.440669775009155273e+00 6.162729263305664062e+00 0.000000000000000000e+00 0.000000000000000000e+00 0.000000000000000000e+00 0.000000000000000000e+00 2.091204643249511719e+01 5.617488384246826172e+00
0.000000000000000000e+00 0.000000000000000000e+00 2.073078155517578125e+01 4.797683715820312500e+00 0.000000000000000000e+00 0.000000000000000000e+00 0.000000000000000000e+00 0.000000000000000000e+00 5.761604309082031250e+00 0.000000000000000000e+00
2.834284305572509766e+00 9.137809753417968750e+00 2.820382308959960938e+01 1.356774997711181641e+01 0.000000000000000000e+00 0.000000000000000000e+00 0.000000000000000000e+00 2.657422542572021484e+00 9.453639030456542969e+00 0.000000000000000000e+00
9.647561907768249512e-01 7.651744842529296875e+00 1.757723426818847656e+01 6.802108764648437500e+00 0.000000000000000000e+00 0.000000000000000000e+00 4.906794548034667969e+00 0.000000000000000000e+00 5.664023399353027344e+00 0.000000000000000000e+00
0.000000000000000000e+00 0.000000000000000000e+00 0.000000000000000000e+00 6.019871711730957031e+00 0.000000000000000000e+00 2.622535514831542969e+01 7.181706428527832031e+00 0.000000000000000000e+00 1.082406806945800781e+01 8.847125053405761719e+00
1.932784795761108398e+00 1.911525726318359375e+01 6.762841939926147461e-01 0.000000000000000000e+00 4.214337348937988281e+00 0.000000000000000000e+00 0.000000000000000000e+00 8.260999679565429688e+00 6.578946113586425781e+00 3.661565780639648438e-01
4.920227050781250000e+00 0.000000000000000000e+00 5.623368024826049805e-01 0.000000000000000000e+00 5.099887847900390625e+00 1.013306427001953125e+01 1.351594924926757812e+01 0.000000000000000000e+00 4.074860095977783203e+00 0.000000000000000000e+00
0.000000000000000000e+00 7.034623622894287109e+00 5.133149147033691406e+00 1.694271802902221680e+00 1.906742858886718750e+01 1.771801948547363281e+00 4.054173231124877930e-01 3.054237365722656250e+00 0.000000000000000000e+00 2.215914249420166016e+00
0.000000000000000000e+00 0.000000000000000000e+00 5.622892379760742188e-01 2.174193763732910156e+01 0.000000000000000000e+00 4.830924510955810547e+00 0.000000000000000000e+00 0.000000000000000000e+00 1.126043319702148438e+01 9.245643615722656250e+00
0.000000000000000000e+00 0.000000000000000000e+00 0.000000000000000000e+00 1.421020412445068359e+01 0.000000000000000000e+00 2.601555633544921875e+01 3.392653942108154297e+00 0.000000000000000000e+00 6.772888660430908203e+00 9.575059890747070312e+00
3.392893075942993164e-01 0.000000000000000000e+00 0.000000000000000000e+00 4.017796993255615234e+00 4.125496864318847656e+00 2.444531917572021484e+00 0.000000000000000000e+00 7.022964000701904297e+00 2.679300308227539062e-02 1.893018531799316406e+01
0.000000000000000000e+00 9.884101152420043945e-01 0.000000000000000000e+00 2.206999778747558594e+01 0.000000000000000000e+00 4.706681251525878906e+00 0.000000000000000000e+00 6.043492317199707031e+00 4.834415912628173828e+00 5.742712020874023438e+00
0.000000000000000000e+00 1.708675575256347656e+01 1.626230478286743164e+00 0.000000000000000000e+00 5.446216583251953125e+00 0.000000000000000000e+00 3.791113138198852539e+00 3.695991992950439453e+00 5.482994079589843750e+00 0.000000000000000000e+00
0.000000000000000000e+00 0.000000000000000000e+00 0.000000000000000000e+00 1.694669723510742188e+00 1.540391445159912109e+00 2.608473062515258789e+00 0.000000000000000000e+00 1.993779182434082031e+01 3.459781408309936523e-02 8.212495803833007812e+00
0.000000000000000000e+00 0.000000000000000000e+00 0.000000000000000000e+00 1.045308399200439453e+01 0.000000000000000000e+00 3.218511199951171875e+01 6.636382102966308594e+00 0.000000000000000000e+00 9.368963241577148438e+00 1.121582412719726562e+01
3.966819286346435547e+00 8.146504402160644531e+00 2.436027526855468750e+01 1.250410366058349609e+01 0.000000000000000000e+00 0.000000000000000000e+00 0.000000000000000000e+00 1.240399646759033203e+01 5.493864059448242188e+00 0.000000000000000000e+00
0.000000000000000000e+00 3.406023025512695312e+00 6.456561565399169922e+00 6.652567863464355469e+00 0.000000000000000000e+00 0.000000000000000000e+00 0.000000000000000000e+00 1.797904968261718750e+01 4.084586501121520996e-01 6.790721416473388672e+00
0.000000000000000000e+00 0.000000000000000000e+00 3.595103979110717773e+00 4.730096340179443359e+00 0.000000000000000000e+00 2.583350181579589844e+00 0.000000000000000000e+00 0.000000000000000000e+00 2.229724693298339844e+01 3.043059825897216797e+00
1.170677542686462402e+00 1.476628589630126953e+01 2.887286901473999023e+00 0.000000000000000000e+00 3.263786554336547852e+00 4.393465518951416016e-01 2.569975137710571289e+00 4.403725147247314453e+00 5.375333786010742188e+00 0.000000000000000000e+00
0.000000000000000000e+00 0.000000000000000000e+00 3.687608957290649414e+00 2.173347473144531250e+01 0.000000000000000000e+00 5.382477760314941406e+00 0.000000000000000000e+00 1.994919776916503906e-01 6.797457695007324219e+00 1.470139980316162109e+00
0.000000000000000000e+00 0.000000000000000000e+00 0.000000000000000000e+00 1.104043579101562500e+01 0.000000000000000000e+00 2.009624862670898438e+01 2.248277187347412109e+00 0.000000000000000000e+00 5.061017513275146484e+00 7.130977153778076172e+00
0.000000000000000000e+00 1.241783428192138672e+01 6.803759336471557617e-01 8.228707909584045410e-01 9.257513284683227539e-01 0.000000000000000000e+00 0.000000000000000000e+00 5.371070861816406250e+00 2.979056835174560547e+00 9.696883559226989746e-01
0.000000000000000000e+00 1.481874227523803711e+00 5.545417785644531250e+00 2.475287437438964844e+00 1.903106927871704102e+00 2.445481538772583008e+00 2.228115797042846680e+00 9.803992271423339844e+00 9.059477806091308594e+00 0.000000000000000000e+00
0.000000000000000000e+00 1.545994281768798828e+01 6.071567535400390625e-01 0.000000000000000000e+00 5.977190017700195312e+00 4.659676551818847656e-02 0.000000000000000000e+00 3.785589933395385742e+00 4.251594543457031250e+00 0.000000000000000000e+00
0.000000000000000000e+00 0.000000000000000000e+00 0.000000000000000000e+00 1.908139801025390625e+01 0.000000000000000000e+00 1.442871475219726562e+01 0.000000000000000000e+00 0.000000000000000000e+00 8.595473289489746094e+00 5.940382003784179688e+00
0.000000000000000000e+00 0.000000000000000000e+00 3.904387474060058594e+00 9.448757171630859375e+00 0.000000000000000000e+00 3.604326009750366211e+00 0.000000000000000000e+00 1.101024270057678223e+00 2.511531639099121094e+01 1.044887542724609375e+00
0.000000000000000000e+00 0.000000000000000000e+00 4.433655261993408203e+00 2.171681976318359375e+01 0.000000000000000000e+00 2.184946060180664062e+00 0.000000000000000000e+00 7.882487297058105469e+00 9.537608146667480469e+00 0.000000000000000000e+00
0.000000000000000000e+00 1.452171707153320312e+01 2.253799438476562500e+00 0.000000000000000000e+00 4.938303947448730469e+00 0.000000000000000000e+00 0.000000000000000000e+00 5.127369403839111328e+00 2.682289600372314453e+00 9.392953515052795410e-01
0.000000000000000000e+00 0.000000000000000000e+00 0.000000000000000000e+00 2.738578414916992188e+01 0.000000000000000000e+00 1.049565887451171875e+01 0.000000000000000000e+00 7.067834138870239258e-01 1.029532241821289062e+01 2.295422077178955078e+00
0.000000000000000000e+00 0.000000000000000000e+00 0.000000000000000000e+00 1.064867401123046875e+01 0.000000000000000000e+00 2.319359588623046875e+01 0.000000000000000000e+00 1.564027070999145508e-01 9.355777740478515625e+00 9.658967018127441406e+00
0.000000000000000000e+00 0.000000000000000000e+00 0.000000000000000000e+00 7.445561885833740234e+00 0.000000000000000000e+00 2.185340881347656250e+01 5.698630213737487793e-01 0.000000000000000000e+00 7.175479412078857422e+00 9.790349960327148438e+00
0.000000000000000000e+00 1.686991930007934570e+00 0.000000000000000000e+00 0.000000000000000000e+00 1.906904602050781250e+01 1.006689190864562988e+00 0.000000000000000000e+00 5.593478202819824219e+00 4.270262241363525391e+00 1.275585365295410156e+01
0.000000000000000000e+00 7.188292026519775391e+00 1.958988761901855469e+01 6.569654941558837891e+00 0.000000000000000000e+00 0.000000000000000000e+00 0.000000000000000000e+00 6.007577896118164062e+00 3.510904550552368164e+00 0.000000000000000000e+00
