1.217368543148040771e-01 2.903438806533813477e-01 8.562831580638885498e-02 1.235481053590774536e-01 2.351247519254684448e-01 3.287017643451690674e-01 2.448551505804061890e-01 8.086415380239486694e-02 1.581764370203018188e-01 1.434071511030197144e-01 7.565503474324941635e-03 -1.304437220096588135e-01 3.684226050972938538e-02 2.386999130249023438e-02 1.534069031476974487e-01 6.208116561174392700e-02 -1.722979098558425903e-01 -2.903034985065460205e-01 -2.292476594448089600e-01 -2.896047532558441162e-01
-1.202604919672012329e-01 -8.451381325721740723e-02 -1.940622776746749878e-01 -1.460793018341064453e-01 -9.982851892709732056e-02 -1.340072751045227051e-01 -1.655016243457794189e-01 2.288272976875305176e-02 -1.256724745035171509e-01 2.412981390953063965e-01 -1.229642033576965332e-01 1.708635874092578888e-02 1.787239611148834229e-01 3.169490694999694824e-01 1.993154138326644897e-01 1.684988439083099365e-01 1.455391943454742432e-01 1.405345648527145386e-01 3.953948915004730225e-01 3.050387203693389893e-01
1.825627535581588745e-01 4.171880185604095459e-01 2.615773677825927734e-01 2.088295817375183105e-01 -1.498169600963592529e-01 2.015910148620605469e-01 4.253901913762092590e-02 7.533461600542068481e-02 -6.387845426797866821e-02 -1.129259467124938965e-01 3.656608983874320984e-02 3.894027471542358398e-01 1.206548362970352173e-01 4.237282276153564453e-01 -5.361701920628547668e-02 7.432018220424652100e-02 5.016893148422241211e-01 5.920956730842590332e-01 7.516613602638244629e-01 4.914306104183197021e-01
1.621180921792984009e-01 4.211805462837219238e-01 7.979962229728698730e-01 8.510520458221435547e-01 4.947814345359802246e-01 -1.652153730392456055e-01 1.346578001976013184e-01 4.905632436275482178e-01 4.646035432815551758e-01 1.955319643020629883e-01 -2.821525037288665771e-01 7.952677085995674133e-03 -1.365885883569717407e-01 3.321508169174194336e-01 4.998630285263061523e-02 -2.203308977186679840e-02 -2.160306274890899658e-01 -1.982456147670745850e-01 -2.107572183012962341e-02 2.486862242221832275e-01
-3.799003362655639648e-02 -1.333831995725631714e-01 -1.986875087022781372e-01 1.296212673187255859e-01 4.268315136432647705e-01 -2.180676609277725220e-01 -2.837569415569305420e-01 -1.283758282661437988e-01 3.527420461177825928e-01 1.552496254444122314e-01 -1.612395942211151123e-01 -1.633687615394592285e-01 2.448368370532989502e-01 4.588423371315002441e-01 3.163046538829803467e-01 5.009902641177177429e-02 -8.365985751152038574e-02 3.958247303962707520e-01 3.594033718109130859e-01 3.625141382217407227e-01
-2.386135309934616089e-01 7.979209534823894501e-03 -2.476389855146408081e-01 -1.656593382358551025e-01 -1.154142394661903381e-01 -2.325448840856552124e-01 -1.804108321666717529e-01 -3.332796394824981689e-01 -6.257984787225723267e-02 -1.390321254730224609e-01 4.665879532694816589e-02 5.295868217945098877e-02 -6.039915233850479126e-02 -1.111959144473075867e-01 2.681898474693298340e-01 4.681598022580146790e-02 -9.170488268136978149e-02 2.094657868146896362e-01 3.572580516338348389e-01 6.134329363703727722e-02
3.594144284725189209e-01 4.020304679870605469e-01 3.243861496448516846e-01 1.991142034530639648e-01 -4.833111539483070374e-02 4.192940890789031982e-02 1.576849073171615601e-02 -1.288967728614807129e-01 -1.493635922670364380e-01 -2.681903354823589325e-02 1.010038331151008606e-01 5.793257430195808411e-02 -2.344824969768524170e-01 -5.912530794739723206e-02 -2.560940980911254883e-01 1.962633281946182251e-01 -1.420167088508605957e-01 2.617328800261020660e-02 -3.678324073553085327e-02 -2.485069334506988525e-01
1.042648702859878540e-01 2.721388451755046844e-02 1.510119289159774780e-01 -1.194658502936363220e-01 1.343488991260528564e-01 -4.593483358621597290e-02 1.648344546556472778e-01 3.097797036170959473e-01 2.843743562698364258e-01 -3.735463321208953857e-02 -5.930435284972190857e-02 2.852180898189544678e-01 2.777573168277740479e-01 3.786653578281402588e-01 -4.927914217114448547e-02 -1.432115882635116577e-01 1.594081521034240723e-01 1.569489389657974243e-01 2.230814248323440552e-01 3.160890042781829834e-01
3.671135753393173218e-02 1.621438562870025635e-01 -1.397607028484344482e-01 5.170862376689910889e-02 3.170730471611022949e-01 7.068862766027450562e-02 4.766334220767021179e-02 -1.743101030588150024e-01 -1.657317429780960083e-01 -4.889911413192749023e-02 -1.443234980106353760e-01 -5.190491676330566406e-02 4.098781198263168335e-02 -1.725832819938659668e-01 3.980266302824020386e-02 -1.476185619831085205e-01 -7.513142377138137817e-02 -2.804718911647796631e-01 -1.281459927558898926e-01 -8.276359736919403076e-02
-3.894238965585827827e-03 -3.286270499229431152e-01 -1.985127478837966919e-01 -2.274808287620544434e-01 9.006177634000778198e-02 -2.094205319881439209e-01 2.995507605373859406e-02 1.253056526184082031e-01 -1.335196476429700851e-02 1.715806424617767334e-01 1.015850901603698730e-01 1.200943738222122192e-01 2.091650515794754028e-01 1.649466753005981445e-01 4.072739183902740479e-01 1.861033886671066284e-01 2.699048817157745361e-01 1.404999047517776489e-01 4.025027453899383545e-01 2.138155698776245117e-01
1.653017550706863403e-01 7.071138173341751099e-02 1.069660633802413940e-01 -2.130354344844818115e-01 -1.303745508193969727e-01 5.709391832351684570e-02 1.407107710838317871e-01 -2.420085966587066650e-01 -7.632260769605636597e-02 -8.664043247699737549e-02 4.163950681686401367e-02 2.804190292954444885e-02 -2.385825365781784058e-01 -6.855437532067298889e-03 -8.503332734107971191e-02 1.095970273017883301e-01 -1.941673755645751953e-01 -1.413992643356323242e-01 -1.532030552625656128e-01 1.457130461931228638e-01
5.295154079794883728e-02 -8.504351973533630371e-02 -1.705632805824279785e-01 9.114094078540802002e-02 -5.334483087062835693e-02 1.547567844390869141e-01 1.184856221079826355e-01 3.895734436810016632e-03 2.296714931726455688e-01 -5.975997820496559143e-02 -2.278124913573265076e-02 -9.301141649484634399e-02 2.790416777133941650e-01 6.691906601190567017e-02 -1.224901676177978516e-01 8.001168072223663330e-02 -8.597721159458160400e-02 3.325615227222442627e-01 1.651728749275207520e-01 4.145928099751472473e-02
-1.389825493097305298e-01 3.407652974128723145e-01 4.239373803138732910e-01 3.539780974388122559e-01 2.204300463199615479e-01 2.473681718111038208e-01 -3.691820055246353149e-02 -2.879030304029583931e-03 1.978253871202468872e-01 -1.019757613539695740e-01 -8.786533772945404053e-02 5.685603618621826172e-02 3.154544830322265625e-01 2.027281522750854492e-01 -1.940360367298126221e-01 2.288146317005157471e-02 6.310350447893142700e-02 3.294635713100433350e-01 -8.079305291175842285e-02 -1.963803172111511230e-01
2.042732983827590942e-01 1.995406448841094971e-01 -1.071917489171028137e-01 1.475061625242233276e-01 1.292883157730102539e-01 1.260036230087280273e-01 -1.179743483662605286e-01 -9.065166115760803223e-02 1.301841586828231812e-01 3.114392757415771484e-01 3.511328995227813721e-02 -2.255296260118484497e-01 -1.142270565032958984e-01 -1.545269042253494263e-01 2.075435817241668701e-01 -6.293020397424697876e-02 1.556069254875183105e-01 3.231688141822814941e-01 1.387313753366470337e-01 9.324010461568832397e-03
-5.410206317901611328e-02 5.789740756154060364e-02 8.269962668418884277e-02 3.616361021995544434e-01 6.030846014618873596e-02 -1.879762113094329834e-01 6.663339585065841675e-02 3.985923230648040771e-01 2.044924199581146240e-01 -1.941815614700317383e-01 -8.354848623275756836e-02 3.234279453754425049e-01 2.044300734996795654e-01 8.648190647363662720e-02 -1.508764177560806274e-01 8.627944439649581909e-02 1.292989850044250488e-01 2.090604454278945923e-01 5.772759392857551575e-02 -2.494395971298217773e-01
-6.971414387226104736e-02 2.017130851745605469e-01 2.007124572992324829e-01 1.215914860367774963e-01 -1.306644529104232788e-01 -3.144793957471847534e-02 -3.060002252459526062e-02 1.685067825019359589e-02 -1.612417995929718018e-01 1.792903691530227661e-01 -4.954929277300834656e-02 2.112205177545547485e-01 7.261382788419723511e-02 -2.433319389820098877e-02 -2.187353670597076416e-01 -6.634275615215301514e-02 -9.938416630029678345e-02 -3.821094706654548645e-02 -1.306396573781967163e-01 -1.650431752204895020e-01
2.280208766460418701e-01 4.171071574091911316e-02 -2.251276969909667969e-01 -5.526319146156311035e-02 -6.382356584072113037e-02 -7.534676790237426758e-02 2.179071456193923950e-01 6.192380189895629883e-02 2.775986790657043457e-01 7.878107577562332153e-02 -2.090980410575866699e-01 -2.083076834678649902e-01 -7.672028988599777222e-02 6.440959125757217407e-02 -4.005492478609085083e-02 -3.446944802999496460e-02 -1.926990449428558350e-01 -9.635561145842075348e-03 1.590180099010467529e-01 -6.823986768722534180e-02
1.667705625295639038e-01 -1.070164740085601807e-01 -6.338678300380706787e-02 -1.110065057873725891e-01 -1.692007333040237427e-01 2.091350108385086060e-01 -1.014700978994369507e-01 -2.259653806686401367e-02 -4.742724448442459106e-02 -1.210762411355972290e-01 2.061216384172439575e-01 1.131780669093132019e-01 3.842439949512481689e-01 -2.835793793201446533e-02 1.364529579877853394e-01 3.948888778686523438e-01 4.397113919258117676e-01 5.756187438964843750e-01 1.291467100381851196e-01 1.493856608867645264e-01
-3.979559615254402161e-02 6.265521049499511719e-02 3.678465485572814941e-01 3.152572512626647949e-01 1.536320894956588745e-01 -2.307078093290328979e-01 -1.708492338657379150e-01 -2.042889446020126343e-01 -1.952693611383438110e-01 2.025837600231170654e-01 -3.025800585746765137e-01 -4.268063306808471680e-01 -2.270908057689666748e-01 -1.635473519563674927e-01 -8.268929272890090942e-02 -5.175803601741790771e-02 -2.151047289371490479e-01 9.214430302381515503e-02 6.349404901266098022e-02 -1.846667826175689697e-01
4.907331243157386780e-02 1.518615782260894775e-01 -1.556023955345153809e-01 1.868436485528945923e-01 1.183780133724212646e-01 1.876479983329772949e-01 2.362958639860153198e-01 3.546804562211036682e-02 3.288929760456085205e-01 1.956071145832538605e-02 1.694318354129791260e-01 1.918429583311080933e-01 1.568348854780197144e-01 2.560808360576629639e-01 1.034997552633285522e-01 -1.745236515998840332e-01 5.545504018664360046e-02 -2.120625823736190796e-01 1.123368367552757263e-01 -1.515099406242370605e-01
-2.120168209075927734e-01 -2.494045794010162354e-01 3.472928330302238464e-02 -6.611938774585723877e-02 -8.016650378704071045e-02 -4.397165961563587189e-03 -1.878332644701004028e-01 -8.994911611080169678e-02 1.899549365043640137e-01 -1.278980821371078491e-01 1.724193543195724487e-01 9.656837582588195801e-02 2.713240087032318115e-01 1.856246888637542725e-01 1.419374793767929077e-01 1.856233328580856323e-01 8.241990208625793457e-02 2.872856259346008301e-01 2.609714865684509277e-02 -1.664659678936004639e-01
-1.032871603965759277e-01 8.024046570062637329e-02 -2.354284003376960754e-02 -1.690751910209655762e-01 -1.093913689255714417e-01 7.572675496339797974e-02 1.937605813145637512e-02 -1.515277177095413208e-01 -2.501854114234447479e-02 -1.386143416166305542e-01 -1.379449814558029175e-01 -9.608612209558486938e-02 4.662557691335678101e-02 -2.294604899361729622e-03 -1.200005635619163513e-01 -8.128576725721359253e-02 -2.605291269719600677e-02 -9.860160201787948608e-02 9.357471019029617310e-02 -1.447275001555681229e-02
-1.247066408395767212e-01 1.470718532800674438e-01 2.056461386382579803e-02 -6.504958868026733398e-02 -1.544948071241378784e-01 -1.276768445968627930e-01 -1.780610233545303345e-01 1.619241833686828613e-01 4.780666530132293701e-02 -9.757901728153228760e-02 -1.560860425233840942e-01 -1.254576537758111954e-02 -1.436177790164947510e-01 2.098139822483062744e-01 3.309451043605804443e-01 -1.070160269737243652e-01 -1.818109601736068726e-01 -1.548291444778442383e-01 -1.313387602567672729e-01 1.122795939445495605e-01
-2.982421591877937317e-02 -2.361010760068893433e-01 -1.320586651563644409e-01 1.823427379131317139e-01 2.539932727813720703e-01 -1.099828630685806274e-01 -2.361902594566345215e-01 -1.140713766217231750e-01 -4.251468926668167114e-02 2.958467900753021240e-01 -1.052087247371673584e-01 -1.988708823919296265e-01 1.507832705974578857e-01 -5.093267560005187988e-02 3.087660968303680420e-01 8.543223142623901367e-02 -8.234860748052597046e-02 2.623385488986968994e-01 2.839667499065399170e-01 -4.654422774910926819e-02
-3.174501471221446991e-03 -1.385734379291534424e-01 3.032126724720001221e-01 2.745311260223388672e-01 2.422312274575233459e-02 -2.208544313907623291e-01 1.879938878118991852e-02 6.048571318387985229e-02 1.574342995882034302e-01 6.554166972637176514e-02 -1.764640808105468750e-01 1.770562976598739624e-01 1.632789224386215210e-01 3.401567637920379639e-01 3.167774975299835205e-01 8.343172259628772736e-03 -5.241746827960014343e-02 8.345070481300354004e-02 2.339714765548706055e-02 2.394385635852813721e-01
