-4.713790118694305420e-02
1.774956099689006805e-02
5.294527858495712280e-02
-3.772654384374618530e-02
-2.586543001234531403e-02
3.532997891306877136e-02
3.209498152136802673e-02
3.221578896045684814e-02
-5.689051747322082520e-02
4.130930826067924500e-02
-6.478816270828247070e-02
-8.119627833366394043e-03
2.711588703095912933e-02
2.090604975819587708e-02
1.331900805234909058e-02
6.515922024846076965e-03
6.005360931158065796e-02
-2.550761774182319641e-02
-7.778137922286987305e-03
-1.564576290547847748e-02
-3.187485784292221069e-02
-1.430534571409225464e-02
6.806930154561996460e-02
3.825468569993972778e-02
2.080106176435947418e-02
-5.459944251924753189e-03
-1.322142593562602997e-02
-2.567200548946857452e-02
6.569126248359680176e-02
-2.252838946878910065e-02
-5.451513826847076416e-02
6.176752969622612000e-02
6.304037570953369141e-02
7.875798270106315613e-03
-1.772963628172874451e-02
2.060190215706825256e-02
2.323654852807521820e-02
4.034245759248733521e-02
-4.354204609990119934e-02
-4.817273095250129700e-02
4.912039265036582947e-03
-2.920405194163322449e-02
3.155262768268585205e-02
4.928351193666458130e-02
8.050322532653808594e-02
2.916928380727767944e-02
3.822115063667297363e-02
1.731493510305881500e-02
-8.378032362088561058e-04
7.991666346788406372e-02
-3.086906857788562775e-02
2.981347730383276939e-03
-5.125661566853523254e-02
5.905173346400260925e-02
-2.751055359840393066e-02
-2.647089771926403046e-02
4.446457326412200928e-02
1.457792520523071289e-02
6.419572234153747559e-02
8.081285282969474792e-03
-2.900552190840244293e-02
6.400612182915210724e-03
5.465771630406379700e-02
7.411688566207885742e-02
1.712754368782043457e-02
-2.543382532894611359e-02
5.382125824689865112e-02
-4.114704206585884094e-02
4.763190075755119324e-02
-3.910845145583152771e-02
-2.552771940827369690e-03
-6.518358737230300903e-02
-5.931369587779045105e-02
-2.609496936202049255e-02
-4.633818753063678741e-03
6.478257477283477783e-02
6.350316852331161499e-02
6.248258799314498901e-02
-3.380258381366729736e-02
-2.761624567210674286e-02
7.699581235647201538e-02
2.170168794691562653e-02
8.751747012138366699e-02
-4.531232640147209167e-02
-5.620010942220687866e-02
4.616320133209228516e-02
2.708786539733409882e-02
-1.249075867235660553e-02
-1.981200277805328369e-02
-2.928707562386989594e-02
1.833128370344638824e-02
6.688840687274932861e-02
-1.728818565607070923e-02
-6.245111115276813507e-03
2.774118632078170776e-02
2.934955991804599762e-02
-3.559628874063491821e-02
1.926838047802448273e-02
-1.620402745902538300e-02
7.703596260398626328e-03
