0.000000000000000000e+00 1.081467151641845703e+01 2.751652002334594727e+00 0.000000000000000000e+00 8.229640960693359375e+00 0.000000000000000000e+00 0.000000000000000000e+00 0.000000000000000000e+00 1.035031378269195557e-01 0.000000000000000000e+00
2.570252180099487305e+00 0.000000000000000000e+00 0.000000000000000000e+00 0.000000000000000000e+00 0.000000000000000000e+00 1.721357154846191406e+01 2.752242088317871094e+00 0.000000000000000000e+00 8.702696800231933594e+00 5.305881500244140625e+00
2.898139476776123047e+00 0.000000000000000000e+00 0.000000000000000000e+00 4.393910884857177734e+00 0.000000000000000000e+00 1.006081390380859375e+01 3.774321556091308594e+00 0.000000000000000000e+00 3.231205701828002930e+00 3.991457223892211914e-01
7.165514945983886719e+00 0.000000000000000000e+00 0.000000000000000000e+00 1.537678241729736328e+00 0.000000000000000000e+00 1.463426780700683594e+01 2.480241394042968750e+01 0.000000000000000000e+00 9.497632980346679688e+00 0.000000000000000000e+00
1.538817310333251953e+01 0.000000000000000000e+00 0.000000000000000000e+00 0.000000000000000000e+00 0.000000000000000000e+00 0.000000000000000000e+00 0.000000000000000000e+00 0.000000000000000000e+00 0.000000000000000000e+00 7.634108662605285645e-01
2.919674396514892578e+00 0.000000000000000000e+00 8.226199150085449219e-01 0.000000000000000000e+00 1.224661064147949219e+01 0.000000000000000000e+00 3.278791904449462891e+00 0.000000000000000000e+00 0.000000000000000000e+00 0.000000000000000000e+00
0.000000000000000000e+00 0.000000000000000000e+00 0.000000000000000000e+00 0.000000000000000000e+00 2.462421417236328125e+00 0.000000000000000000e+00 0.000000000000000000e+00 0.000000000000000000e+00 0.000000000000000000e+00 9.795424461364746094e+00
1.477374732494354248e-01 0.000000000000000000e+00 1.208874881267547607e-01 3.256447792053222656e+00 0.000000000000000000e+00 0.000000000000000000e+00 0.000000000000000000e+00 0.000000000000000000e+00 1.270736217498779297e+01 0.000000000000000000e+00
3.195181608200073242e+00 0.000000000000000000e+00 5.199885368347167969e-01 1.507166099548339844e+01 0.000000000000000000e+00 8.003779411315917969e+00 0.000000000000000000e+00 0.000000000000000000e+00 5.751419067382812500e-01 2.863938093185424805e+00
4.521865844726562500e-01 1.539429283142089844e+01 1.723824739456176758e+00 0.000000000000000000e+00 1.805579781532287598e+00 0.000000000000000000e+00 1.298938274383544922e+00 0.000000000000000000e+00 1.393961548805236816e+00 0.000000000000000000e+00
0.000000000000000000e+00 1.316022586822509766e+01 1.794561195373535156e+01 7.181446552276611328e+00 8.797659277915954590e-01 0.000000000000000000e+00 0.000000000000000000e+00 0.000000000000000000e+00 4.081415176391601562e+00 0.000000000000000000e+00
0.000000000000000000e+00 0.000000000000000000e+00 0.000000000000000000e+00 0.000000000000000000e+00 3.142448425292968750e+00 0.000000000000000000e+00 0.000000000000000000e+00 0.000000000000000000e+00 0.000000000000000000e+00 1.314735889434814453e+01
0.000000000000000000e+00 0.000000000000000000e+00 0.000000000000000000e+00 0.000000000000000000e+00 0.000000000000000000e+00 0.000000000000000000e+00 0.000000000000000000e+00 0.000000000000000000e+00 0.000000000000000000e+00 0.000000000000000000e+00
0.000000000000000000e+00 1.541561698913574219e+01 2.314009904861450195e+00 0.000000000000000000e+00 1.936713457107543945e+00 0.000000000000000000e+00 3.753405809402465820e-01 0.000000000000000000e+00 4.219203948974609375e+00 0.000000000000000000e+00
0.000000000000000000e+00 1.487602615356445312e+01 1.530959248542785645e+00 0.000000000000000000e+00 2.723444461822509766e+00 0.000000000000000000e+00 2.130901575088500977e+00 0.000000000000000000e+00 5.075960636138916016e+00 0.000000000000000000e+00
0.000000000000000000e+00 1.038243651390075684e+00 0.000000000000000000e+00 0.000000000000000000e+00 1.596361064910888672e+01 0.000000000000000000e+00 0.000000000000000000e+00 0.000000000000000000e+00 0.000000000000000000e+00 2.183954417705535889e-01
2.970624566078186035e-01 0.000000000000000000e+00 0.000000000000000000e+00 1.528749275207519531e+01 0.000000000000000000e+00 2.139679336547851562e+01 1.247520372271537781e-01 0.000000000000000000e+00 1.160765743255615234e+01 7.382355690002441406e+00
0.000000000000000000e+00 2.007467031478881836e+00 0.000000000000000000e+00 1.172937774658203125e+01 0.000000000000000000e+00 2.059538078308105469e+01 0.000000000000000000e+00 0.000000000000000000e+00 6.442780971527099609e+00 7.547089576721191406e+00
1.275570487976074219e+01 0.000000000000000000e+00 0.000000000000000000e+00 0.000000000000000000e+00 0.000000000000000000e+00 0.000000000000000000e+00 0.000000000000000000e+00 0.000000000000000000e+00 0.000000000000000000e+00 0.000000000000000000e+00
0.000000000000000000e+00 0.000000000000000000e+00 0.000000000000000000e+00 0.000000000000000000e+00 5.809965610504150391e+00 0.000000000000000000e+00 0.000000000000000000e+00 0.000000000000000000e+00 0.000000000000000000e+00 1.109217548370361328e+01
9.662787914276123047e-01 2.623262882232666016e+00 1.285614299774169922e+01 0.000000000000000000e+00 0.000000000000000000e+00 0.000000000000000000e+00 0.000000000000000000e+00 0.000000000000000000e+00 3.360843062400817871e-01 0.000000000000000000e+00
3.273165941238403320e+00 0.000000000000000000e+00 1.654163002967834473e+00 0.000000000000000000e+00 3.731799125671386719e+00 5.100184440612792969e+00 1.892344284057617188e+01 0.000000000000000000e+00 2.353214263916015625e+00 0.000000000000000000e+00
4.417980670928955078e+00 0.000000000000000000e+00 1.351872730255126953e+01 0.000000000000000000e+00 0.000000000000000000e+00 0.000000000000000000e+00 0.000000000000000000e+00 0.000000000000000000e+00 2.939143896102905273e+00 0.000000000000000000e+00
0.000000000000000000e+00 0.000000000000000000e+00 2.455928564071655273e+00 8.485601425170898438e+00 0.000000000000000000e+00 2.602886199951171875e+00 0.000000000000000000e+00 0.000000000000000000e+00 4.360964775085449219e+00 5.809267520904541016e+00
0.000000000000000000e+00 0.000000000000000000e+00 1.224719810485839844e+01 0.000000000000000000e+00 0.000000000000000000e+00 0.000000000000000000e+00 0.000000000000000000e+00 1.096903309226036072e-01 4.205932319164276123e-01 0.000000000000000000e+00
0.000000000000000000e+00 0.000000000000000000e+00 0.000000000000000000e+00 0.000000000000000000e+00 0.000000000000000000e+00 0.000000000000000000e+00 0.000000000000000000e+00 0.000000000000000000e+00 0.000000000000000000e+00 0.000000000000000000e+00
1.027706909179687500e+01 0.000000000000000000e+00 7.968097329139709473e-01 0.000000000000000000e+00 0.000000000000000000e+00 0.000000000000000000e+00 0.000000000000000000e+00 0.000000000000000000e+00 0.000000000000000000e+00 0.000000000000000000e+00
0.000000000000000000e+00 0.000000000000000000e+00 0.000000000000000000e+00 0.000000000000000000e+00 1.750736427307128906e+01 0.000000000000000000e+00 0.000000000000000000e+00 0.000000000000000000e+00 0.000000000000000000e+00 2.674827098846435547e+00
8.597729682922363281e+00 0.000000000000000000e+00 3.095951378345489502e-01 0.000000000000000000e+00 0.000000000000000000e+00 4.541973590850830078e+00 1.468687057495117188e+01 0.000000000000000000e+00 4.704987049102783203e+00 0.000000000000000000e+00
0.000000000000000000e+00 0.000000000000000000e+00 2.468341827392578125e+00 3.246305942535400391e+00 0.000000000000000000e+00 0.000000000000000000e+00 0.000000000000000000e+00 0.000000000000000000e+00 1.571274375915527344e+01 0.000000000000000000e+00
0.000000000000000000e+00 0.000000000000000000e+00 0.000000000000000000e+00 2.528775978088378906e+01 0.000000000000000000e+00 1.380140876770019531e+01 0.000000000000000000e+00 0.000000000000000000e+00 1.020728302001953125e+01 7.917586803436279297e+00
0.000000000000000000e+00 1.006695032119750977e+00 1.884283304214477539e+00 2.086700057983398438e+01 0.000000000000000000e+00 3.997707843780517578e+00 0.000000000000000000e+00 0.000000000000000000e+00 8.870079994201660156e+00 1.901987314224243164e+00
0.000000000000000000e+00 1.119973897933959961e+00 3.581002235412597656e+00 2.319451522827148438e+01 0.000000000000000000e+00 1.244619178771972656e+01 0.000000000000000000e+00 0.000000000000000000e+00 5.542071819305419922e+00 6.017895698547363281e+00
0.000000000000000000e+00 0.000000000000000000e+00 0.000000000000000000e+00 0.000000000000000000e+00 1.784179878234863281e+01 0.000000000000000000e+00 0.000000000000000000e+00 0.000000000000000000e+00 0.000000000000000000e+00 0.000000000000000000e+00
0.000000000000000000e+00 1.361265540122985840e+00 0.000000000000000000e+00 1.976871490478515625e+01 0.000000000000000000e+00 2.401633644104003906e+01 3.861588835716247559e-01 0.000000000000000000e+00 1.203344440460205078e+01 8.896303176879882812e+00
0.000000000000000000e+00 1.395808601379394531e+01 3.249753952026367188e+00 8.218195915222167969e+00 4.813088417053222656e+00 1.036703109741210938e+01 1.433686852455139160e+00 0.000000000000000000e+00 8.904868125915527344e+00 3.870278358459472656e+00
0.000000000000000000e+00 0.000000000000000000e+00 0.000000000000000000e+00 0.000000000000000000e+00 1.453923511505126953e+01 0.000000000000000000e+00 0.000000000000000000e+00 0.000000000000000000e+00 3.610249280929565430e+00 5.447007179260253906e+00
0.000000000000000000e+00 0.000000000000000000e+00 0.000000000000000000e+00 2.154586410522460938e+01 0.000000000000000000e+00 1.945757627487182617e+00 0.000000000000000000e+00 0.000000000000000000e+00 6.073704719543457031e+00 6.202528953552246094e+00
1.544362545013427734e+01 0.000000000000000000e+00 0.000000000000000000e+00 0.000000000000000000e+00 0.000000000000000000e+00 0.000000000000000000e+00 0.000000000000000000e+00 0.000000000000000000e+00 0.000000000000000000e+00 0.000000000000000000e+00
0.000000000000000000e+00 0.000000000000000000e+00 0.000000000000000000e+00 2.934670639038085938e+01 0.000000000000000000e+00 1.109454917907714844e+01 0.000000000000000000e+00 0.000000000000000000e+00 7.990951538085937500e+00 5.538428783416748047e+00
1.567849993705749512e+00 0.000000000000000000e+00 2.151520347595214844e+01 6.613768577575683594e+00 0.000000000000000000e+00 0.000000000000000000e+00 0.000000000000000000e+00 0.000000000000000000e+00 3.207544088363647461e-01 0.000000000000000000e+00
0.000000000000000000e+00 0.000000000000000000e+00 0.000000000000000000e+00 0.000000000000000000e+00 1.032098197937011719e+01 0.000000000000000000e+00 0.000000000000000000e+00 0.000000000000000000e+00 1.599101901054382324e+00 1.564697551727294922e+01
1.161836338043212891e+01 3.017688035964965820e+00 3.048680126667022705e-01 0.000000000000000000e+00 0.000000000000000000e+00 0.000000000000000000e+00 1.687759757041931152e-01 0.000000000000000000e+00 0.000000000000000000e+00 0.000000000000000000e+00
3.585788249969482422e+00 2.404956817626953125e+00 4.674901068210601807e-02 0.000000000000000000e+00 3.419920206069946289e+00 1.103237056732177734e+01 2.205434608459472656e+01 0.000000000000000000e+00 9.369950294494628906e+00 0.000000000000000000e+00
3.092704117298126221e-01 0.000000000000000000e+00 0.000000000000000000e+00 0.000000000000000000e+00 1.117994666099548340e+00 0.000000000000000000e+00 0.000000000000000000e+00 0.000000000000000000e+00 0.000000000000000000e+00 1.148521900177001953e+01
2.419093608856201172e+00 0.000000000000000000e+00 8.078969001770019531e+00 5.272078990936279297e+00 0.000000000000000000e+00 0.000000000000000000e+00 8.505274653434753418e-01 0.000000000000000000e+00 1.943938064575195312e+01 4.238053321838378906e+00
1.997651934623718262e+00 0.000000000000000000e+00 1.921912956237792969e+01 0.000000000000000000e+00 0.000000000000000000e+00 0.000000000000000000e+00 0.000000000000000000e+00 1.074823364615440369e-02 0.000000000000000000e+00 0.000000000000000000e+00
1.468310165405273438e+01 0.000000000000000000e+00 0.000000000000000000e+00 0.000000000000000000e+00 0.000000000000000000e+00 0.000000000000000000e+00 0.000000000000000000e+00 0.000000000000000000e+00 0.000000000000000000e+00 0.000000000000000000e+00
7.809275627136230469e+00 0.000000000000000000e+00 1.113538444042205811e-01 0.000000000000000000e+00 1.262436389923095703e+00 5.807362079620361328e+00 2.416774177551269531e+01 0.000000000000000000e+00 5.415963172912597656e+00 9.558793902397155762e-01
0.000000000000000000e+00 0.000000000000000000e+00 0.000000000000000000e+00 3.073091804981231689e-01 0.000000000000000000e+00 0.000000000000000000e+00 0.000000000000000000e+00 0.000000000000000000e+00 0.000000000000000000e+00 1.420438671112060547e+01
6.436578273773193359e+00 0.000000000000000000e+00 0.000000000000000000e+00 0.000000000000000000e+00 0.000000000000000000e+00 9.316549301147460938e+00 1.996075439453125000e+01 0.000000000000000000e+00 5.802492141723632812e+00 2.301268815994262695e+00
3.411528587341308594e+00 1.817297935485839844e+00 9.310882568359375000e+00 2.375870943069458008e-01 1.144562530517578125e+01 1.889756917953491211e+00 1.278851222991943359e+01 0.000000000000000000e+00 3.221792936325073242e+00 0.000000000000000000e+00
0.000000000000000000e+00 1.094386768341064453e+01 1.595685839653015137e+00 0.000000000000000000e+00 2.047216415405273438e+00 0.000000000000000000e+00 0.000000000000000000e+00 0.000000000000000000e+00 2.856187522411346436e-01 0.000000000000000000e+00
0.000000000000000000e+00 0.000000000000000000e+00 0.000000000000000000e+00 0.000000000000000000e+00 1.304336643218994141e+01 0.000000000000000000e+00 0.000000000000000000e+00 0.000000000000000000e+00 0.000000000000000000e+00 0.000000000000000000e+00
0.000000000000000000e+00 1.389515495300292969e+01 0.000000000000000000e+00 0.000000000000000000e+00 4.412701129913330078e+00 0.000000000000000000e+00 0.000000000000000000e+00 0.000000000000000000e+00 2.380779266357421875e+00 0.000000000000000000e+00
0.000000000000000000e+00 1.067112445831298828e+01 2.016500234603881836e-01 0.000000000000000000e+00 1.823768973350524902e+00 0.000000000000000000e+00 0.000000000000000000e+00 0.000000000000000000e+00 0.000000000000000000e+00 0.000000000000000000e+00
0.000000000000000000e+00 0.000000000000000000e+00 0.000000000000000000e+00 5.884656429290771484e+00 0.000000000000000000e+00 2.189668464660644531e+01 5.827011108398437500e+00 0.000000000000000000e+00 1.075093364715576172e+01 5.494004726409912109e+00
0.000000000000000000e+00 0.000000000000000000e+00 0.000000000000000000e+00 0.000000000000000000e+00 0.000000000000000000e+00 0.000000000000000000e+00 0.000000000000000000e+00 0.000000000000000000e+00 0.000000000000000000e+00 0.000000000000000000e+00
0.000000000000000000e+00 0.000000000000000000e+00 0.000000000000000000e+00 0.000000000000000000e+00 0.000000000000000000e+00 0.000000000000000000e+00 0.000000000000000000e+00 0.000000000000000000e+00 0.000000000000000000e+00 0.000000000000000000e+00
1.594741630554199219e+01 0.000000000000000000e+00 0.000000000000000000e+00 0.000000000000000000e+00 0.000000000000000000e+00 0.000000000000000000e+00 5.795541405677795410e-01 0.000000000000000000e+00 0.000000000000000000e+00 0.000000000000000000e+00
0.000000000000000000e+00 0.000000000000000000e+00 0.000000000000000000e+00 0.000000000000000000e+00 0.000000000000000000e+00 0.000000000000000000e+00 0.000000000000000000e+00 0.000000000000000000e+00 0.000000000000000000e+00 0.000000000000000000e+00
2.947174549102783203e+00 0.000000000000000000e+00 1.084864997863769531e+01 1.001569271087646484e+01 0.000000000000000000e+00 2.389485120773315430e+00 1.576708197593688965e+00 0.000000000000000000e+00 2.148867797851562500e+01 0.000000000000000000e+00
1.467333316802978516e+01 0.000000000000000000e+00 0.000000000000000000e+00 0.000000000000000000e+00 0.000000000000000000e+00 0.000000000000000000e+00 0.000000000000000000e+00 0.000000000000000000e+00 0.000000000000000000e+00 0.000000000000000000e+00
0.000000000000000000e+00 0.000000000000000000e+00 2.118797302246093750e+00 1.921233558654785156e+01 0.000000000000000000e+00 2.799249172210693359e+00 0.000000000000000000e+00 0.000000000000000000e+00 1.059715986251831055e+00 0.000000000000000000e+00
4.226670742034912109e+00 0.000000000000000000e+00 5.772856712341308594e+00 4.128069877624511719e+00 6.113658428192138672e+00 6.037266731262207031e+00 2.060106277465820312e+01 0.000000000000000000e+00 4.611040592193603516e+00 9.168315529823303223e-01
0.000000000000000000e+00 0.000000000000000000e+00 0.000000000000000000e+00 7.922194004058837891e-01 4.798971652984619141e+00 0.000000000000000000e+00 0.000000000000000000e+00 0.000000000000000000e+00 3.256778955459594727e+00 1.614688301086425781e+01
0.000000000000000000e+00 0.000000000000000000e+00 0.000000000000000000e+00 7.125858783721923828e+00 0.000000000000000000e+00 2.235586738586425781e+01 8.461744308471679688e+00 0.000000000000000000e+00 1.311204338073730469e+01 8.783441543579101562e+00
1.281675815582275391e+01 0.000000000000000000e+00 2.908479869365692139e-01 0.000000000000000000e+00 0.000000000000000000e+00 0.000000000000000000e+00 0.000000000000000000e+00 0.000000000000000000e+00 0.000000000000000000e+00 1.209886550903320312e+00
0.000000000000000000e+00 0.000000000000000000e+00 4.911918163299560547e+00 4.305970668792724609e+00 0.000000000000000000e+00 0.000000000000000000e+00 0.000000000000000000e+00 0.000000000000000000e+00 1.615787887573242188e+01 0.000000000000000000e+00
0.000000000000000000e+00 0.000000000000000000e+00 1.028836369514465332e+00 2.581454658508300781e+01 0.000000000000000000e+00 9.656989097595214844e+00 0.000000000000000000e+00 0.000000000000000000e+00 9.838281631469726562e+00 1.115885353088378906e+01
9.903568267822265625e+00 0.000000000000000000e+00 0.000000000000000000e+00 0.000000000000000000e+00 0.000000000000000000e+00 0.000000000000000000e+00 1.165723681449890137e+00 0.000000000000000000e+00 0.000000000000000000e+00 0.000000000000000000e+00
0.000000000000000000e+00 0.000000000000000000e+00 0.000000000000000000e+00 8.961741447448730469e+00 0.000000000000000000e+00 2.249216270446777344e+01 3.123849868774414062e+00 0.000000000000000000e+00 7.803876876831054688e+00 1.163610267639160156e+01
1.167308330535888672e+01 0.000000000000000000e+00 0.000000000000000000e+00 0.000000000000000000e+00 0.000000000000000000e+00 0.000000000000000000e+00 0.000000000000000000e+00 0.000000000000000000e+00 0.000000000000000000e+00 0.000000000000000000e+00
1.642016887664794922e+00 2.148487329483032227e+00 8.601102828979492188e+00 7.807554244995117188e+00 0.000000000000000000e+00 4.751216888427734375e+00 3.127920389175415039e+00 0.000000000000000000e+00 1.886812973022460938e+01 1.269040942192077637e+00
0.000000000000000000e+00 0.000000000000000000e+00 2.795935392379760742e+00 2.393449211120605469e+01 0.000000000000000000e+00 8.305056571960449219e+00 0.000000000000000000e+00 0.000000000000000000e+00 1.011937427520751953e+01 3.211612701416015625e+00
2.469752788543701172e+00 1.388377571105957031e+01 3.777810811996459961e+00 0.000000000000000000e+00 2.372885465621948242e+00 0.000000000000000000e+00 3.948249816894531250e+00 0.000000000000000000e+00 3.539591073989868164e+00 0.000000000000000000e+00
1.118688488006591797e+01 0.000000000000000000e+00 3.128241539001464844e+00 0.000000000000000000e+00 0.000000000000000000e+00 0.000000000000000000e+00 0.000000000000000000e+00 0.000000000000000000e+00 0.000000000000000000e+00 0.000000000000000000e+00
0.000000000000000000e+00 0.000000000000000000e+00 3.591516494750976562e+00 1.451615619659423828e+01 0.000000000000000000e+00 7.628891617059707642e-02 0.000000000000000000e+00 0.000000000000000000e+00 1.399792194366455078e+00 0.000000000000000000e+00
0.000000000000000000e+00 1.529620075225830078e+01 0.000000000000000000e+00 0.000000000000000000e+00 3.830796003341674805e+00 0.000000000000000000e+00 5.800880789756774902e-01 0.000000000000000000e+00 3.415370583534240723e-01 0.000000000000000000e+00
3.715446591377258301e-01 0.000000000000000000e+00 0.000000000000000000e+00 1.359937572479248047e+01 0.000000000000000000e+00 1.897940444946289062e+01 8.066818714141845703e-01 0.000000000000000000e+00 8.676030158996582031e+00 7.637126922607421875e+00
1.171891689300537109e+01 0.000000000000000000e+00 8.416423946619033813e-02 0.000000000000000000e+00 0.000000000000000000e+00 0.000000000000000000e+00 0.000000000000000000e+00 0.000000000000000000e+00 0.000000000000000000e+00 0.000000000000000000e+00
0.000000000000000000e+00 0.000000000000000000e+00 0.000000000000000000e+00 0.000000000000000000e+00 0.000000000000000000e+00 0.000000000000000000e+00 0.000000000000000000e+00 0.000000000000000000e+00 0.000000000000000000e+00 0.000000000000000000e+00
3.182294368743896484e+00 6.495950222015380859e+00 7.914651870727539062e+00 7.012892246246337891e+00 0.000000000000000000e+00 3.813217878341674805e+00 0.000000000000000000e+00 0.000000000000000000e+00 1.767163658142089844e+01 0.000000000000000000e+00
0.000000000000000000e+00 1.184832096099853516e+01 0.000000000000000000e+00 0.000000000000000000e+00 3.816039562225341797e+00 0.000000000000000000e+00 0.000000000000000000e+00 0.000000000000000000e+00 1.207967519760131836e+00 0.000000000000000000e+00
0.000000000000000000e+00 2.707930088043212891e+00 1.787898659706115723e+00 2.168956947326660156e+01 0.000000000000000000e+00 1.088543033599853516e+01 0.000000000000000000e+00 0.000000000000000000e+00 8.613208770751953125e+00 5.307980537414550781e+00
0.000000000000000000e+00 0.000000000000000000e+00 3.955460309982299805e+00 2.681046676635742188e+01 0.000000000000000000e+00 1.274425506591796875e+01 0.000000000000000000e+00 0.000000000000000000e+00 1.166662979125976562e+01 8.906006813049316406e+00
9.169965982437133789e-01 0.000000000000000000e+00 1.828707337379455566e+00 7.632901668548583984e-01 0.000000000000000000e+00 0.000000000000000000e+00 0.000000000000000000e+00 0.000000000000000000e+00 1.227057647705078125e+01 0.000000000000000000e+00
0.000000000000000000e+00 0.000000000000000000e+00 0.000000000000000000e+00 0.000000000000000000e+00 5.301858782768249512e-01 0.000000000000000000e+00 0.000000000000000000e+00 0.000000000000000000e+00 0.000000000000000000e+00 1.036871433258056641e+01
4.472761631011962891e+00 0.000000000000000000e+00 1.242415332794189453e+01 9.596281051635742188e+00 0.000000000000000000e+00 0.000000000000000000e+00 0.000000000000000000e+00 0.000000000000000000e+00 2.489982414245605469e+01 3.892347216606140137e-01
0.000000000000000000e+00 0.000000000000000000e+00 0.000000000000000000e+00 0.000000000000000000e+00 1.382161235809326172e+01 0.000000000000000000e+00 0.000000000000000000e+00 0.000000000000000000e+00 0.000000000000000000e+00 2.908327817916870117e+00
2.052161455154418945e+00 6.436904668807983398e-01 2.259190750122070312e+01 4.625941753387451172e+00 0.000000000000000000e+00 0.000000000000000000e+00 0.000000000000000000e+00 7.715780735015869141e-01 2.106651067733764648e+00 0.000000000000000000e+00
3.664205312728881836e+00 2.951478958129882812e+00 9.985698699951171875e+00 1.027631473541259766e+01 0.000000000000000000e+00 6.070204377174377441e-01 0.000000000000000000e+00 0.000000000000000000e+00 1.886748504638671875e+01 1.504655599594116211e+00
0.000000000000000000e+00 1.196560859680175781e+01 0.000000000000000000e+00 0.000000000000000000e+00 3.794610500335693359e+00 0.000000000000000000e+00 0.000000000000000000e+00 0.000000000000000000e+00 3.197578668594360352e+00 0.000000000000000000e+00
7.489611148834228516e+00 3.691878080368041992e+00 0.000000000000000000e+00 0.000000000000000000e+00 0.000000000000000000e+00 0.000000000000000000e+00 0.000000000000000000e+00 0.000000000000000000e+00 5.531481266021728516e+00 0.000000000000000000e+00
1.762503266334533691e+00 0.000000000000000000e+00 1.897817230224609375e+01 0.000000000000000000e+00 0.000000000000000000e+00 0.000000000000000000e+00 0.000000000000000000e+00 0.000000000000000000e+00 0.000000000000000000e+00 0.000000000000000000e+00
1.235061740875244141e+01 0.000000000000000000e+00 4.662536144256591797e+00 0.000000000000000000e+00 0.000000000000000000e+00 0.000000000000000000e+00 0.000000000000000000e+00 0.000000000000000000e+00 7.987588644027709961e-01 0.000000000000000000e+00
0.000000000000000000e+00 1.192750644683837891e+01 0.000000000000000000e+00 0.000000000000000000e+00 3.836272954940795898e+00 0.000000000000000000e+00 0.000000000000000000e+00 0.000000000000000000e+00 2.617895364761352539e+00 0.000000000000000000e+00
0.000000000000000000e+00 0.000000000000000000e+00 3.966291427612304688e+00 2.531490325927734375e+01 0.000000000000000000e+00 6.182965755462646484e+00 0.000000000000000000e+00 0.000000000000000000e+00 7.372704505920410156e+00 8.368797302246093750e+00
2.148813486099243164e+00 1.767912268638610840e+00 8.479557991027832031e+00 8.667068481445312500e+00 0.000000000000000000e+00 1.751647591590881348e+00 0.000000000000000000e+00 0.000000000000000000e+00 2.053199577331542969e+01 2.235844850540161133e+00
0.000000000000000000e+00 1.155571651458740234e+01 1.891833901405334473e+00 0.000000000000000000e+00 1.023912549018859863e+00 0.000000000000000000e+00 0.000000000000000000e+00 0.000000000000000000e+00 6.543503403663635254e-01 0.000000000000000000e+00
2.138843536376953125e+00 9.868852496147155762e-01 2.159526348114013672e+00 0.000000000000000000e+00 1.389731025695800781e+01 0.000000000000000000e+00 4.168107986450195312e+00 0.000000000000000000e+00 0.000000000000000000e+00 0.000000000000000000e+00
1.351572704315185547e+01 0.000000000000000000e+00 0.000000000000000000e+00 0.000000000000000000e+00 0.000000000000000000e+00 0.000000000000000000e+00 0.000000000000000000e+00 0.000000000000000000e+00 0.000000000000000000e+00 0.000000000000000000e+00
0.000000000000000000e+00 0.000000000000000000e+00 0.000000000000000000e+00 1.628934669494628906e+01 0.000000000000000000e+00 6.052567958831787109e+00 0.000000000000000000e+00 0.000000000000000000e+00 1.905150413513183594e+00 9.212551116943359375e+00
0.000000000000000000e+00 0.000000000000000000e+00 1.404728698730468750e+01 4.108864665031433105e-01 0.000000000000000000e+00 0.000000000000000000e+00 0.000000000000000000e+00 9.266479313373565674e-02 4.599506556987762451e-01 0.000000000000000000e+00
1.023621559143066406e+00 0.000000000000000000e+00 0.000000000000000000e+00 1.262708950042724609e+01 0.000000000000000000e+00 2.899784851074218750e+01 9.912348747253417969e+00 0.000000000000000000e+00 1.122596359252929688e+01 8.675133705139160156e+00
0.000000000000000000e+00 0.000000000000000000e+00 0.000000000000000000e+00 0.000000000000000000e+00 0.000000000000000000e+00 0.000000000000000000e+00 0.000000000000000000e+00 0.000000000000000000e+00 0.000000000000000000e+00 0.000000000000000000e+00
8.627601265907287598e-01 0.000000000000000000e+00 1.686968040466308594e+01 0.000000000000000000e+00 0.000000000000000000e+00 0.000000000000000000e+00 0.000000000000000000e+00 0.000000000000000000e+00 0.000000000000000000e+00 0.000000000000000000e+00
6.444967389106750488e-01 0.000000000000000000e+00 0.000000000000000000e+00 0.000000000000000000e+00 7.382417917251586914e-01 0.000000000000000000e+00 0.000000000000000000e+00 0.000000000000000000e+00 0.000000000000000000e+00 8.869643211364746094e+00
1.036653637886047363e+00 4.299031257629394531e+00 1.355615806579589844e+01 5.488688945770263672e+00 0.000000000000000000e+00 0.000000000000000000e+00 0.000000000000000000e+00 0.000000000000000000e+00 1.105616331100463867e+00 0.000000000000000000e+00
0.000000000000000000e+00 0.000000000000000000e+00 7.705853939056396484e+00 0.000000000000000000e+00 0.000000000000000000e+00 0.000000000000000000e+00 0.000000000000000000e+00 0.000000000000000000e+00 0.000000000000000000e+00 0.000000000000000000e+00
0.000000000000000000e+00 0.000000000000000000e+00 0.000000000000000000e+00 0.000000000000000000e+00 0.000000000000000000e+00 0.000000000000000000e+00 0.000000000000000000e+00 0.000000000000000000e+00 0.000000000000000000e+00 0.000000000000000000e+00
0.000000000000000000e+00 1.395504379272460938e+01 1.159327626228332520e+00 0.000000000000000000e+00 2.574549198150634766e+00 0.000000000000000000e+00 0.000000000000000000e+00 0.000000000000000000e+00 8.092125654220581055e-01 0.000000000000000000e+00
0.000000000000000000e+00 0.000000000000000000e+00 0.000000000000000000e+00 0.000000000000000000e+00 1.674251937866210938e+01 0.000000000000000000e+00 2.261708974838256836e+00 0.000000000000000000e+00 0.000000000000000000e+00 0.000000000000000000e+00
0.000000000000000000e+00 0.000000000000000000e+00 0.000000000000000000e+00 9.885717391967773438e+00 0.000000000000000000e+00 2.629693603515625000e+01 4.507504940032958984e+00 0.000000000000000000e+00 9.374250411987304688e+00 1.498919582366943359e+01
9.793421745300292969e+00 0.000000000000000000e+00 0.000000000000000000e+00 0.000000000000000000e+00 0.000000000000000000e+00 0.000000000000000000e+00 4.578691959381103516e+00 0.000000000000000000e+00 1.182969212532043457e+00 2.037569284439086914e+00
4.246103286743164062e+00 1.948746681213378906e+00 1.982922554016113281e+01 2.417099237442016602e+00 0.000000000000000000e+00 0.000000000000000000e+00 0.000000000000000000e+00 6.678725033998489380e-02 3.877994775772094727e+00 0.000000000000000000e+00
0.000000000000000000e+00 0.000000000000000000e+00 0.000000000000000000e+00 0.000000000000000000e+00 3.213795125484466553e-01 0.000000000000000000e+00 0.000000000000000000e+00 0.000000000000000000e+00 0.000000000000000000e+00 1.706379318237304688e+01
3.178852796554565430e+00 0.000000000000000000e+00 5.220829844474792480e-01 0.000000000000000000e+00 2.854547739028930664e+00 1.057816314697265625e+01 2.392950630187988281e+01 0.000000000000000000e+00 3.435270547866821289e+00 0.000000000000000000e+00
0.000000000000000000e+00 0.000000000000000000e+00 7.057554721832275391e-01 1.492748355865478516e+01 0.000000000000000000e+00 3.364808559417724609e+00 0.000000000000000000e+00 0.000000000000000000e+00 4.099756240844726562e+00 8.788220405578613281e+00
0.000000000000000000e+00 0.000000000000000000e+00 0.000000000000000000e+00 0.000000000000000000e+00 1.937873214483261108e-01 0.000000000000000000e+00 0.000000000000000000e+00 0.000000000000000000e+00 8.005765080451965332e-02 1.395875167846679688e+01
1.054462146759033203e+01 2.229219228029251099e-01 3.888894915580749512e-01 0.000000000000000000e+00 0.000000000000000000e+00 1.088336467742919922e+00 4.090824127197265625e-01 1.824062764644622803e-01 0.000000000000000000e+00 1.336146950721740723e+00
0.000000000000000000e+00 0.000000000000000000e+00 3.997508764266967773e+00 2.438805580139160156e+01 0.000000000000000000e+00 9.365919113159179688e+00 0.000000000000000000e+00 0.000000000000000000e+00 4.805310249328613281e+00 7.569482803344726562e+00
0.000000000000000000e+00 0.000000000000000000e+00 0.000000000000000000e+00 1.379552650451660156e+01 0.000000000000000000e+00 0.000000000000000000e+00 0.000000000000000000e+00 0.000000000000000000e+00 0.000000000000000000e+00 2.033931255340576172e+00
0.000000000000000000e+00 0.000000000000000000e+00 0.000000000000000000e+00 2.228219223022460938e+01 0.000000000000000000e+00 7.286860942840576172e+00 0.000000000000000000e+00 0.000000000000000000e+00 6.005951762199401855e-01 2.463991880416870117e+00
0.000000000000000000e+00 0.000000000000000000e+00 0.000000000000000000e+00 0.000000000000000000e+00 0.000000000000000000e+00 0.000000000000000000e+00 0.000000000000000000e+00 0.000000000000000000e+00 0.000000000000000000e+00 0.000000000000000000e+00
0.000000000000000000e+00 0.000000000000000000e+00 0.000000000000000000e+00 1.029618263244628906e+00 0.000000000000000000e+00 0.000000000000000000e+00 0.000000000000000000e+00 0.000000000000000000e+00 0.000000000000000000e+00 1.541358852386474609e+01
4.469556331634521484e+00 0.000000000000000000e+00 0.000000000000000000e+00 2.251545429229736328e+00 0.000000000000000000e+00 1.641844177246093750e+01 2.432015228271484375e+01 0.000000000000000000e+00 9.131487846374511719e+00 3.475250720977783203e+00
1.240911483764648438e+00 1.348438978195190430e+00 0.000000000000000000e+00 0.000000000000000000e+00 1.138112187385559082e+00 1.117114722728729248e-02 1.040066909790039062e+01 0.000000000000000000e+00 1.561664462089538574e+00 0.000000000000000000e+00
