8.267945796251296997e-02 -6.992697715759277344e-02 1.998825818300247192e-01 -5.815416947007179260e-02 -1.104675084352493286e-01 -1.043731793761253357e-01 -7.629885524511337280e-02 1.753233373165130615e-02 -8.477867394685745239e-02 9.751660376787185669e-02 7.627858221530914307e-02 2.184095680713653564e-01 2.037394642829895020e-01 -1.793160848319530487e-02 -7.607652246952056885e-02 2.025876492261886597e-01
1.428716480731964111e-01 3.397156000137329102e-01 -6.502431631088256836e-02 1.897094547748565674e-01 -1.543200016021728516e-01 -1.296178102493286133e-01 2.741959095001220703e-01 2.720710933208465576e-01 -8.114101737737655640e-02 2.540381252765655518e-01 1.892617791891098022e-01 1.539853662252426147e-01 -4.612938687205314636e-02 -3.388017714023590088e-01 -1.412756741046905518e-02 4.279603362083435059e-01
-5.830632150173187256e-02 -3.356444835662841797e-02 -1.877469420433044434e-01 3.847213089466094971e-01 4.774512350559234619e-01 -2.126037329435348511e-02 -1.632616519927978516e-01 -2.640328109264373779e-01 3.305672407150268555e-01 2.970372140407562256e-01 2.627384662628173828e-01 -2.860981598496437073e-02 -8.463441580533981323e-02 2.115966677665710449e-01 3.217026242054998875e-04 1.395624727010726929e-01
-1.686889529228210449e-01 4.627490416169166565e-02 -6.403474509716033936e-02 -1.151430420577526093e-02 1.403247565031051636e-01 3.193011879920959473e-01 1.443312466144561768e-01 3.259935975074768066e-01 2.883916497230529785e-01 2.953177094459533691e-01 1.028190031647682190e-01 1.149606034159660339e-01 6.741856783628463745e-02 2.062254399061203003e-01 -1.676351875066757202e-01 7.567980140447616577e-02
1.911997795104980469e-01 8.461681008338928223e-02 -1.878296136856079102e-01 -1.148917302489280701e-01 -2.331956028938293457e-01 -2.349066585302352905e-01 -3.424189388751983643e-01 -3.014267385005950928e-01 -9.524318575859069824e-02 -1.626631468534469604e-01 9.878779947757720947e-02 -1.466974169015884399e-01 -8.757586032152175903e-02 7.415493577718734741e-02 1.321471333503723145e-01 3.055748045444488525e-01
3.102383390069007874e-02 1.600080728530883789e-01 7.174696773290634155e-02 -1.362714618444442749e-01 -4.699403420090675354e-02 -6.462091952562332153e-02 -1.775080859661102295e-01 -1.395828425884246826e-01 -2.383417040109634399e-01 -3.794265910983085632e-02 -1.150885000824928284e-01 -8.183331787586212158e-02 -1.486665010452270508e-01 9.702847152948379517e-02 -1.789172291755676270e-01 9.242903441190719604e-02
-3.494178177788853645e-03 -7.354884594678878784e-02 7.666527293622493744e-03 -7.969021052122116089e-02 -2.936033606529235840e-01 -9.011343866586685181e-02 -3.071218729019165039e-01 1.677964925765991211e-01 5.008972287178039551e-01 -3.015423417091369629e-01 -2.344675064086914062e-01 -2.912578880786895752e-01 4.058893620967864990e-01 6.724729537963867188e-01 -1.403773427009582520e-01 -3.116121590137481689e-01
-4.669591784477233887e-02 5.939419269561767578e-01 5.076071619987487793e-01 -2.341655343770980835e-01 -5.974592268466949463e-02 4.250423014163970947e-01 4.821816384792327881e-01 4.776100814342498779e-01 1.967480182647705078e-01 1.832704842090606689e-01 3.763905763626098633e-01 2.905212044715881348e-01 4.171240031719207764e-01 6.047183647751808167e-02 -9.693733602762222290e-02 8.928876370191574097e-02
1.468736380338668823e-01 2.161519974470138550e-01 9.491304308176040649e-02 -1.078522726893424988e-01 2.928514480590820312e-01 1.834467947483062744e-01 -1.004257649183273315e-01 -1.561615318059921265e-01 5.671691894531250000e-02 1.448726952075958252e-01 2.559726536273956299e-01 -8.289251476526260376e-02 9.373229742050170898e-02 1.569245159626007080e-01 9.719023108482360840e-02 3.489957153797149658e-01
3.830096721649169922e-01 -2.275052517652511597e-01 -1.846837103366851807e-01 -7.259131968021392822e-02 1.507302969694137573e-01 3.412790894508361816e-01 -4.626164212822914124e-02 2.714227326214313507e-02 -1.527508348226547241e-01 -2.546443790197372437e-02 -2.742025852203369141e-01 1.824783235788345337e-01 -7.481177896261215210e-02 -8.534005843102931976e-03 -1.030504703521728516e-01 2.050256915390491486e-02
7.683803141117095947e-02 -8.797938376665115356e-02 3.292280435562133789e-02 1.062166765332221985e-01 4.596345871686935425e-02 2.296358048915863037e-01 -1.173772290349006653e-02 1.434289813041687012e-01 5.023400187492370605e-01 3.940283954143524170e-01 1.746421009302139282e-01 2.053801566362380981e-01 4.692811965942382812e-01 5.666806101799011230e-01 3.232344388961791992e-01 4.402911663055419922e-01
-3.051995299756526947e-02 -2.435407638549804688e-01 -2.124774903059005737e-01 -2.243959605693817139e-01 4.126329720020294189e-01 4.206543564796447754e-01 5.010217428207397461e-02 4.219591617584228516e-01 3.265547454357147217e-01 -1.241496182046830654e-03 3.150014877319335938e-01 5.942686200141906738e-01 4.988931119441986084e-01 4.456868469715118408e-01 1.132810413837432861e-01 4.218917787075042725e-01
2.920022010803222656e-01 -4.242475703358650208e-02 1.582971215248107910e-01 -5.841819941997528076e-02 1.224923431873321533e-01 2.285590581595897675e-02 -1.391698271036148071e-01 -3.886735439300537109e-02 -2.409302294254302979e-01 -6.405964493751525879e-03 -1.804324090480804443e-01 4.533939436078071594e-02 2.160632610321044922e-01 -1.415760219097137451e-01 9.734441339969635010e-02 -7.813679426908493042e-02
2.278701215982437134e-01 -1.183444634079933167e-01 -2.115914523601531982e-01 -1.180022731423377991e-01 1.394392400979995728e-01 6.610165536403656006e-02 -1.028345748782157898e-01 -6.911845505237579346e-02 9.082723408937454224e-02 8.482803590595722198e-03 1.753063648939132690e-01 -5.157247651368379593e-03 -1.140702664852142334e-01 -1.316811293363571167e-01 1.534053832292556763e-01 2.163266688585281372e-01
2.547152936458587646e-01 1.213046535849571228e-01 -3.351158648729324341e-02 -5.931780859827995300e-02 1.214718744158744812e-01 -2.511028572916984558e-02 3.637338876724243164e-01 -1.131953950971364975e-02 2.140437215566635132e-01 1.148981600999832153e-01 -5.032134801149368286e-02 1.555670350790023804e-01 1.663027703762054443e-01 1.324211955070495605e-01 -1.035373881459236145e-01 -1.702576726675033569e-01
-2.357538193464279175e-01 -2.217066586017608643e-01 -1.993789225816726685e-01 -1.884849965572357178e-01 5.074494332075119019e-02 -2.451178878545761108e-01 -1.458465009927749634e-01 -9.807473421096801758e-02 -1.299567520618438721e-01 -1.737537980079650879e-02 4.302807450294494629e-01 4.802874922752380371e-01 3.335691094398498535e-01 9.556491859257221222e-03 -4.806400276720523834e-03 2.411552518606185913e-01
3.755817413330078125e-01 4.484321177005767822e-01 4.785529375076293945e-01 3.246851861476898193e-01 2.736087143421173096e-02 -5.783621966838836670e-02 7.401254028081893921e-02 1.530131101608276367e-01 3.062373995780944824e-01 2.406631037592887878e-02 -2.923517823219299316e-01 -1.540178060531616211e-01 -2.954371869564056396e-01 -2.139881402254104614e-01 -3.403316736221313477e-01 -2.930060625076293945e-01
-3.975052535533905029e-01 -1.887851655483245850e-01 -1.464979797601699829e-01 -1.159126386046409607e-01 -1.730655580759048462e-01 -1.710500717163085938e-01 8.998326212167739868e-02 2.015904635190963745e-01 -1.339531987905502319e-01 -4.902046918869018555e-02 1.416996568441390991e-01 9.177479892969131470e-02 -5.646698176860809326e-02 -1.684969067573547363e-01 1.672481596469879150e-01 1.866872012615203857e-01
2.694196999073028564e-01 1.257483214139938354e-01 2.917837798595428467e-01 4.184131026268005371e-01 2.136279642581939697e-02 2.593825943768024445e-02 2.684663981199264526e-02 1.430891603231430054e-01 3.508825302124023438e-01 1.337776333093643188e-01 -2.230126410722732544e-01 -5.048979818820953369e-02 2.323824465274810791e-01 1.249722540378570557e-01 -1.529014110565185547e-01 -1.005227565765380859e-01
9.788960218429565430e-02 -7.422617077827453613e-02 1.596029102802276611e-01 9.854291379451751709e-02 4.018213748931884766e-01 2.889067530632019043e-01 -3.427013382315635681e-02 1.683703213930130005e-01 5.134752392768859863e-02 2.715575397014617920e-01 2.107882946729660034e-01 6.935932673513889313e-03 9.705077856779098511e-02 -2.913439646363258362e-02 1.160560250282287598e-01 -1.142533943057060242e-01
-5.660057812929153442e-02 -1.996338814496994019e-01 -1.774722635746002197e-01 -1.832918524742126465e-01 5.344127118587493896e-02 1.267313510179519653e-01 -5.679367855191230774e-02 -7.019717246294021606e-02 -3.574579954147338867e-02 -3.528331220149993896e-02 7.768926769495010376e-02 -1.939052790403366089e-01 -2.301117330789566040e-01 -1.737211830914020538e-02 -1.433384865522384644e-01 6.723034894093871117e-04
-8.105036616325378418e-02 -1.834846436977386475e-01 -2.675613462924957275e-01 -1.859354376792907715e-01 3.222728520631790161e-02 2.052041143178939819e-01 -7.580639421939849854e-02 1.163208410143852234e-01 3.002204187214374542e-02 2.536601126194000244e-01 1.615389734506607056e-01 3.993237614631652832e-01 1.111947819590568542e-01 1.307258605957031250e-01 -9.302753955125808716e-02 -9.273366630077362061e-02
7.101746648550033569e-02 -5.064245685935020447e-02 -3.093335218727588654e-02 1.252938657999038696e-01 -1.414022594690322876e-01 -1.228317767381668091e-01 -1.394678652286529541e-01 4.828044027090072632e-02 -6.837452203035354614e-02 -1.525546461343765259e-01 8.497423678636550903e-02 -1.540505588054656982e-01 -1.799749732017517090e-01 6.683330982923507690e-02 -1.487680375576019287e-01 1.761381924152374268e-01
-1.247185394167900085e-01 1.942812800407409668e-01 -1.895106106530874968e-04 -7.771908491849899292e-02 -8.238748461008071899e-02 -9.016112238168716431e-02 3.758613020181655884e-02 -1.286457479000091553e-01 -1.989158093929290771e-01 -1.653043627738952637e-01 -3.457894623279571533e-01 -1.710262447595596313e-01 -1.409186869859695435e-01 -7.319682836532592773e-02 -3.456813097000122070e-01 -2.660255134105682373e-01
1.499171704053878784e-01 -7.902103662490844727e-02 -6.042909249663352966e-02 -2.104642987251281738e-01 2.182290852069854736e-01 2.632235884666442871e-01 2.609393596649169922e-01 3.867430090904235840e-01 3.689720034599304199e-01 3.993840217590332031e-01 -1.049772929400205612e-02 3.156936466693878174e-01 5.347356200218200684e-01 3.847830593585968018e-01 3.577151000499725342e-01 -1.115601323544979095e-02
