1.215037982910871506e-02
3.425843268632888794e-02
7.700137794017791748e-02
-3.657002747058868408e-02
5.579402297735214233e-02
9.033195674419403076e-02
-4.218709468841552734e-02
1.240517422556877136e-01
-2.298646792769432068e-02
4.489789158105850220e-02
7.008811086416244507e-02
-1.194852963089942932e-02
5.712514743208885193e-03
7.383058220148086548e-02
-2.661489695310592651e-02
2.845688350498676300e-02
-1.084790080785751343e-01
7.612713426351547241e-02
8.145418018102645874e-02
-7.799574732780456543e-02
9.300748258829116821e-02
1.192244738340377808e-01
5.802178010344505310e-02
1.253458857536315918e-01
5.445780977606773376e-02
-3.444024547934532166e-02
1.895877718925476074e-01
1.180598065257072449e-01
1.011942997574806213e-01
-1.850862987339496613e-02
9.348514676094055176e-02
-5.497604608535766602e-03
-4.800203070044517517e-02
7.912530750036239624e-02
-6.728175282478332520e-02
1.377484351396560669e-01
1.623098403215408325e-01
-5.122442170977592468e-02
-2.905460074543952942e-02
-3.936623409390449524e-02
1.747738942503929138e-02
1.146928146481513977e-01
1.108398810029029846e-01
-2.154128253459930420e-02
9.949257969856262207e-02
8.216768503189086914e-02
1.161699444055557251e-01
-5.277636647224426270e-02
5.474752187728881836e-02
-7.514254003763198853e-02
-4.700436443090438843e-02
4.176997020840644836e-02
-8.629013597965240479e-02
1.091449931263923645e-01
8.150667697191238403e-02
-3.361673653125762939e-02
-3.897891938686370850e-02
4.442746192216873169e-02
9.787451475858688354e-02
2.329154685139656067e-02
-6.792074418626725674e-04
-8.731044828891754150e-02
-6.485022604465484619e-02
-1.261286344379186630e-02
2.427880465984344482e-02
5.666407570242881775e-02
6.319633871316909790e-02
-2.388232015073299408e-02
-7.637162506580352783e-02
9.669714421033859253e-02
-2.431310946121811867e-03
-9.445300698280334473e-02
-6.228442117571830750e-02
8.710320293903350830e-02
1.060647051781415939e-02
9.993803501129150391e-02
6.074814498424530029e-02
5.519623309373855591e-02
-2.003358490765094757e-02
-4.109453782439231873e-02
-1.268056482076644897e-01
3.761196881532669067e-02
-5.219366773962974548e-02
6.427431851625442505e-02
2.911384031176567078e-02
-2.050057053565979004e-03
-5.542246624827384949e-03
5.693876184523105621e-03
8.934560231864452362e-03
-5.560229346156120300e-02
2.834868244826793671e-02
5.355001613497734070e-02
8.778058737516403198e-02
-3.905579075217247009e-02
-6.975764781236648560e-02
-1.765136234462261200e-02
5.289617553353309631e-02
-6.025842949748039246e-02
-6.692662835121154785e-02
-4.318945109844207764e-02
-7.208351045846939087e-02
-4.132921248674392700e-02
5.326329171657562256e-02
-8.894497156143188477e-02
-5.982135981321334839e-02
4.305932298302650452e-02
-5.345870554447174072e-02
-5.984787270426750183e-02
2.351357042789459229e-02
4.832867160439491272e-02
7.534490432590246201e-03
9.224475920200347900e-02
1.006380915641784668e-01
-1.066855061799287796e-02
1.259051710367202759e-01
-4.579354077577590942e-02
8.288839459419250488e-02
1.324865520000457764e-01
8.177482336759567261e-02
-3.295965492725372314e-02
1.450346708297729492e-01
-2.244444191455841064e-02
1.137024685740470886e-01
-8.539803326129913330e-02
-4.584885761141777039e-02
-5.794727802276611328e-02
-5.281536653637886047e-02
6.623102724552154541e-02
