5.260286480188369751e-02
1.450285408645868301e-02
1.222565118223428726e-02
8.618053048849105835e-03
5.403614789247512817e-02
-3.563195466995239258e-02
-1.603969000279903412e-02
4.378424957394599915e-02
1.070309244096279144e-02
3.244896605610847473e-02
5.268305540084838867e-03
2.101979963481426239e-02
2.484330534934997559e-02
2.716296724975109100e-02
-1.398878544569015503e-02
2.980811521410942078e-02
-2.987297624349594116e-02
-6.004074821248650551e-04
5.746285431087017059e-03
-1.712130382657051086e-02
2.863342501223087311e-02
4.293102771043777466e-03
1.298468373715877533e-02
-3.778844699263572693e-02
5.491640884429216385e-03
2.397393062710762024e-02
3.272578865289688110e-02
7.346372585743665695e-03
4.429211467504501343e-02
4.038714990019798279e-02
6.853908300399780273e-02
4.934156313538551331e-02
-2.165840193629264832e-02
-2.738766930997371674e-02
2.685199491679668427e-03
1.718719676136970520e-02
-2.602841518819332123e-02
7.189537584781646729e-02
-4.624583199620246887e-02
8.864768594503402710e-02
3.002312965691089630e-02
2.698790468275547028e-02
2.088096365332603455e-02
-1.408583205193281174e-02
-1.847817935049533844e-02
6.826321780681610107e-02
2.312624827027320862e-02
8.425830863416194916e-03
-7.260781712830066681e-03
-2.951422706246376038e-02
-2.579827047884464264e-02
3.650373592972755432e-02
7.732676714658737183e-02
2.568532153964042664e-02
5.621405690908432007e-02
4.228612780570983887e-02
4.809601977467536926e-02
1.649394072592258453e-02
6.723721325397491455e-02
-5.649287626147270203e-02
1.216824445873498917e-02
5.701181478798389435e-03
1.390092819929122925e-02
-7.309194654226303101e-03
4.643504694104194641e-02
6.175636872649192810e-02
2.366816066205501556e-02
3.881466388702392578e-02
-3.152030054479837418e-03
-2.081713452935218811e-02
7.079525291919708252e-02
-3.070110082626342773e-02
4.679730907082557678e-02
-4.723707213997840881e-02
-2.568774111568927765e-02
-3.353056684136390686e-02
5.249733105301856995e-02
5.216975137591362000e-02
1.974449492990970612e-03
6.735774129629135132e-02
-2.167590893805027008e-03
-1.477720122784376144e-02
2.924271672964096069e-02
5.644890293478965759e-02
1.091859675943851471e-02
3.010502830147743225e-02
3.969513624906539917e-02
3.405898809432983398e-02
1.320859603583812714e-02
4.416017606854438782e-02
2.250220440328121185e-02
-2.435938641428947449e-02
2.415189892053604126e-02
2.346216700971126556e-02
2.722018864005804062e-03
4.345269873738288879e-03
1.384257152676582336e-02
3.628251329064369202e-02
3.897452354431152344e-02
6.699625402688980103e-02
4.968427121639251709e-02
-1.401133276522159576e-02
-4.473351687192916870e-02
-1.226214412599802017e-02
1.362562458962202072e-02
1.271147131919860840e-01
3.265898674726486206e-02
-1.203787163831293583e-03
-2.828500606119632721e-02
5.021771788597106934e-02
5.290951952338218689e-02
1.615894772112369537e-02
1.118801068514585495e-02
-1.475698594003915787e-02
-3.026071749627590179e-02
-3.292561694979667664e-02
-2.060059085488319397e-02
2.289423719048500061e-02
5.647360533475875854e-02
8.161482959985733032e-02
2.865196950733661652e-02
5.563631653785705566e-02
1.370115578174591064e-02
-7.597978692501783371e-03
-5.888215079903602600e-02
-4.052267223596572876e-02
6.114647723734378815e-03
3.451033681631088257e-02
