-2.654239892959594727e+00 -6.266567707061767578e-01 1.517747640609741211e+00 8.087805747985839844e+00 -2.991007566452026367e+00 1.188341259956359863e+00 -6.108900070190429688e+00 4.018058776855468750e-01 3.486659526824951172e+00 8.055230975151062012e-01
2.609874486923217773e+00 -5.411428451538085938e+00 5.286077022552490234e+00 -1.181999087333679199e+00 -8.935309052467346191e-01 -1.825659394264221191e+00 -1.282964229583740234e+00 1.705208778381347656e+00 1.779246449470520020e+00 1.650250792503356934e+00
-2.504810333251953125e+00 -5.166963577270507812e+00 -1.298599958419799805e+00 5.426203012466430664e-01 6.484633445739746094e+00 1.514672279357910156e+00 -4.545538127422332764e-01 -9.836687445640563965e-01 1.232718825340270996e+00 2.731643438339233398e+00
-5.271647453308105469e+00 -4.975160121917724609e+00 -2.400579750537872314e-01 1.434198021888732910e+00 5.503684997558593750e+00 -1.706722676753997803e-01 -2.547532796859741211e+00 -8.422963321208953857e-02 3.032954216003417969e+00 6.940066814422607422e+00
-8.270849585533142090e-01 -1.712131977081298828e+00 2.687813997268676758e+00 7.815060138702392578e+00 -3.955652952194213867e+00 3.297063827514648438e+00 -3.705638408660888672e+00 -2.403616666793823242e+00 4.221917152404785156e+00 -2.874095439910888672e+00
4.265803337097167969e+00 -7.354749202728271484e+00 7.934544086456298828e+00 -5.421019792556762695e-01 -2.537132740020751953e+00 -1.957911372184753418e+00 -7.327798008918762207e-01 8.385180830955505371e-01 2.557532310485839844e+00 5.512399077415466309e-01
-4.142546653747558594e+00 -3.460120201110839844e+00 -4.222707748413085938e+00 -1.153769612312316895e+00 4.767155170440673828e+00 8.982177376747131348e-01 -4.607544422149658203e+00 7.736966133117675781e+00 8.408712148666381836e-01 6.827834606170654297e+00
1.544174700975418091e-01 -3.323541402816772461e+00 1.134468269348144531e+01 3.268136262893676758e+00 -4.098626136779785156e+00 -1.231038570404052734e+00 1.181613922119140625e+00 -4.628909587860107422e+00 4.203286170959472656e+00 -4.720762729644775391e+00
1.394913196563720703e+01 -1.007434749603271484e+01 1.228486776351928711e+00 -2.365105628967285156e+00 -5.453563690185546875e+00 9.589972496032714844e+00 7.193356513977050781e+00 -6.608821392059326172e+00 9.147127866744995117e-01 -5.787119865417480469e+00
2.220737189054489136e-01 -5.746810436248779297e-01 9.497568130493164062e+00 6.214755535125732422e+00 -8.180480957031250000e+00 9.968935251235961914e-01 -7.009456306695938110e-02 -4.913163185119628906e+00 4.849124908447265625e+00 -6.198176383972167969e+00
1.231759309768676758e+00 -4.180637359619140625e+00 7.862818837165832520e-01 1.503238081932067871e+00 -1.868558526039123535e+00 -5.236062407493591309e-01 -5.848828315734863281e+00 9.555256843566894531e+00 -3.537101149559020996e-01 3.989269971847534180e+00
-8.477375984191894531e+00 8.906462669372558594e+00 9.281556606292724609e-01 2.198462724685668945e+00 -3.544263839721679688e+00 1.611492186784744263e-01 -1.247982263565063477e+00 -1.471265107393264771e-01 2.744271755218505859e+00 -1.045900702476501465e+00
1.580320745706558228e-01 -5.704246163368225098e-01 2.960847377777099609e+00 5.744396686553955078e+00 -6.216876506805419922e+00 9.506539106369018555e-01 -2.790603876113891602e+00 1.905608415603637695e+00 8.734370470046997070e-01 -1.086684092879295349e-01
-4.121483802795410156e+00 -2.975596427917480469e+00 -2.485323250293731689e-01 -2.244318008422851562e+00 4.468419551849365234e+00 -2.378048896789550781e+00 -1.419720172882080078e+00 2.987392425537109375e+00 1.763121604919433594e+00 6.848491668701171875e+00
-3.177159786224365234e+00 -5.447998523712158203e+00 -1.922219157218933105e+00 2.648067474365234375e-01 4.475441455841064453e+00 5.032111406326293945e-01 -3.113506555557250977e+00 2.016709327697753906e+00 2.329331159591674805e+00 7.997388839721679688e+00
-1.429958462715148926e+00 -4.442182540893554688e+00 -2.269850015640258789e+00 -1.760013461112976074e+00 1.551388025283813477e+00 -1.262330293655395508e+00 -5.792595386505126953e+00 1.135678005218505859e+01 2.115759611129760742e+00 5.523199081420898438e+00
2.091414451599121094e+00 -5.479195117950439453e+00 7.750356197357177734e+00 1.349139690399169922e+00 -1.903195858001708984e+00 -1.288474202156066895e-01 -3.755250871181488037e-01 -3.251382589340209961e+00 3.714333534240722656e+00 -1.199936747550964355e+00
1.200395077466964722e-01 -9.958760738372802734e-01 2.469643115997314453e+00 8.969379425048828125e+00 -5.216063499450683594e+00 3.729434490203857422e+00 -3.867300271987915039e+00 -1.914235830307006836e+00 2.591702699661254883e+00 -3.431522607803344727e+00
-6.644124031066894531e+00 7.143073558807373047e+00 2.572580337524414062e+00 -3.016808629035949707e-01 -2.247662782669067383e+00 -9.534955024719238281e-01 2.717681825160980225e-01 7.772588133811950684e-01 2.037705898284912109e+00 -2.189053535461425781e+00
7.777955532073974609e-01 -4.560204505920410156e+00 6.796013712882995605e-01 4.263695776462554932e-01 -3.352978706359863281e+00 -1.244912981986999512e+00 -9.183773040771484375e+00 1.304302120208740234e+01 3.257061719894409180e+00 5.418827056884765625e+00
-3.011893033981323242e+00 -1.146537810564041138e-01 1.837149262428283691e+00 1.777848124504089355e+00 -1.350732207298278809e+00 -2.212602615356445312e+00 -3.365232467651367188e+00 6.779568672180175781e+00 8.735665678977966309e-02 2.358418703079223633e+00
-8.160509109497070312e+00 7.934553623199462891e+00 2.697505235671997070e+00 2.088581621646881104e-01 -3.430152177810668945e+00 -1.491022467613220215e+00 9.505817890167236328e-01 -5.690862536430358887e-01 3.659115076065063477e+00 -1.379215240478515625e+00
-3.646806478500366211e+00 3.569229841232299805e+00 2.940572261810302734e+00 2.651256561279296875e+00 -6.127958774566650391e+00 3.829305469989776611e-01 -5.179931640625000000e+00 -1.162953972816467285e-01 7.374083042144775391e+00 -4.605801701545715332e-01
-7.560241222381591797e-01 -2.755950212478637695e+00 -4.776251912117004395e-01 -9.528929740190505981e-02 2.156099379062652588e-01 -6.506494283676147461e-01 -5.193327426910400391e+00 9.061786651611328125e+00 4.159194529056549072e-01 3.451472043991088867e+00
3.870745897293090820e+00 -7.038211345672607422e+00 7.499883174896240234e+00 5.204211711883544922e+00 -3.098346233367919922e+00 1.209571957588195801e+00 -9.809882044792175293e-01 -4.043818950653076172e+00 3.801620960235595703e+00 -3.854580879211425781e+00
-5.172283649444580078e+00 -1.033642172813415527e+00 -1.980607748031616211e+00 1.216009616851806641e+00 2.556213617324829102e+00 -3.521826863288879395e-01 -4.478031158447265625e+00 3.714606285095214844e+00 1.785710930824279785e+00 7.185604572296142578e+00
-7.108730792999267578e+00 5.864669799804687500e+00 -1.199750602245330811e-01 1.129765436053276062e-01 -2.246250629425048828e+00 2.237049579620361328e+00 3.696440756320953369e-01 -3.156581878662109375e+00 5.601846218109130859e+00 -1.230624556541442871e+00
1.725551128387451172e+00 -4.737341880798339844e+00 -2.322814702987670898e+00 5.964333415031433105e-01 7.943583130836486816e-01 6.173020839691162109e+00 2.810566902160644531e+00 -5.424953460693359375e+00 2.466646194458007812e+00 -8.018447756767272949e-01
1.037920379638671875e+01 -1.086115360260009766e+01 3.126692533493041992e+00 -1.301123857498168945e+00 -1.035790443420410156e+00 4.433336257934570312e+00 5.167401313781738281e+00 -3.528860330581665039e+00 -9.983216524124145508e-01 -2.684802532196044922e+00
1.253518390655517578e+01 -1.093185329437255859e+01 3.191744089126586914e+00 -2.000055760145187378e-01 -6.715480327606201172e+00 5.230165004730224609e+00 -3.996872663497924805e+00 -3.048297762870788574e-01 5.007214069366455078e+00 7.965819239616394043e-01
1.237335395812988281e+01 -9.694618225097656250e+00 3.835478067398071289e+00 1.320805788040161133e+00 -7.123447895050048828e+00 5.330992221832275391e+00 -3.458132266998291016e+00 -1.039020895957946777e+00 4.218490600585937500e+00 -1.376209855079650879e+00
-9.795144796371459961e-01 -3.285747528076171875e+00 7.631341218948364258e-01 8.614032864570617676e-01 7.622994184494018555e-01 3.233416080474853516e+00 3.510674238204956055e-01 -4.603826522827148438e+00 3.828214168548583984e+00 4.098951816558837891e-01
8.405951857566833496e-01 -2.866497039794921875e+00 5.637835264205932617e-01 2.501345157623291016e+00 -1.519029021263122559e+00 3.943664073944091797e+00 -3.399404525756835938e+00 -1.500619173049926758e+00 3.034207582473754883e+00 8.398411870002746582e-01
-9.303075790405273438e+00 7.915157318115234375e+00 1.000868439674377441e+00 2.732085466384887695e+00 -2.934875965118408203e+00 1.123662739992141724e-01 -5.264276266098022461e-01 -1.748951792716979980e+00 4.057116031646728516e+00 -4.912721514701843262e-01
-5.391030788421630859e+00 4.937630176544189453e+00 4.839093208312988281e+00 2.888643980026245117e+00 -4.326432228088378906e+00 -1.627883791923522949e+00 -5.945756435394287109e-01 -8.440884947776794434e-01 2.536708116531372070e+00 -1.227187037467956543e+00
-6.429550647735595703e+00 5.274616241455078125e+00 1.903487324714660645e+00 8.743292689323425293e-01 -1.000179529190063477e+00 -7.424725890159606934e-01 -1.826004862785339355e+00 -1.113841831684112549e-01 3.484192848205566406e+00 -9.802468419075012207e-01
-6.870048642158508301e-01 -3.522394418716430664e+00 2.041896104812622070e+00 2.111346483230590820e+00 -3.116405725479125977e+00 -2.437932014465332031e+00 -8.914690971374511719e+00 1.332512474060058594e+01 1.476563811302185059e+00 5.419765949249267578e+00
-4.050180315971374512e-01 -3.123762369155883789e+00 -2.234783411026000977e+00 4.931936264038085938e+00 -1.985862135887145996e+00 5.399262428283691406e+00 -3.652928829193115234e+00 -1.500549793243408203e+00 3.279698848724365234e+00 2.532553434371948242e+00
-4.018574357032775879e-01 -1.763565182685852051e+00 1.495790630578994751e-01 7.412463188171386719e+00 -4.096911907196044922e+00 3.893912792205810547e+00 -2.778082609176635742e+00 -2.678295612335205078e+00 3.073235511779785156e+00 9.869018197059631348e-02
-6.792494058609008789e-01 -1.610399127006530762e+00 3.915200471878051758e+00 7.228961944580078125e+00 -4.977147102355957031e+00 3.278527855873107910e-01 -4.635650157928466797e+00 4.034954309463500977e-01 3.290302991867065430e+00 -2.412127554416656494e-01
9.280434608459472656e+00 -9.068319320678710938e+00 6.411717534065246582e-01 9.845210909843444824e-01 -2.482291460037231445e+00 4.765354633331298828e+00 1.700059473514556885e-01 -1.220437437295913696e-01 -2.494825422763824463e-02 -8.028972148895263672e-01
-4.603423118591308594e+00 6.533415317535400391e+00 9.955816268920898438e-01 4.845565855503082275e-01 -5.628139972686767578e+00 1.982329607009887695e+00 -6.424662470817565918e-01 -5.268051028251647949e-01 3.814314365386962891e+00 -1.907064199447631836e+00
-2.946713685989379883e+00 7.128164768218994141e-01 2.570528745651245117e+00 7.082523345947265625e+00 -3.180768251419067383e+00 5.362025499343872070e-01 -3.649554491043090820e+00 -1.543222904205322266e+00 3.236811161041259766e+00 -5.764864087104797363e-01
-1.548729658126831055e+00 -1.693223595619201660e+00 5.154312252998352051e-01 8.816439628601074219e+00 -5.177576541900634766e+00 3.559463500976562500e+00 -4.984323978424072266e+00 -1.316695928573608398e+00 4.445754051208496094e+00 6.967478990554809570e-01
9.791385531425476074e-01 -4.301128864288330078e+00 9.739989042282104492e-01 1.405214667320251465e+00 -1.679622530937194824e+00 4.814834892749786377e-02 -6.108619213104248047e+00 7.442733764648437500e+00 7.554159164428710938e-01 4.651804924011230469e+00
-1.119614839553833008e+00 -8.135054588317871094e+00 4.602306485176086426e-01 -3.695704221725463867e+00 9.701913833618164062e+00 1.362203001976013184e+00 3.486502885818481445e+00 -2.804653882980346680e+00 1.013564467430114746e+00 2.195333719253540039e+00
-6.997686028480529785e-01 -2.691341876983642578e+00 1.053228187561035156e+01 1.601460218429565430e+00 -4.135662555694580078e+00 -2.045626640319824219e+00 4.037511825561523438e+00 -4.857799530029296875e+00 4.430657863616943359e+00 -4.065116882324218750e+00
-2.324759811162948608e-01 -1.449125170707702637e+00 4.492817401885986328e+00 -1.765391111373901367e+00 -1.389367222785949707e+00 4.141492545604705811e-01 1.266600608825683594e+00 -2.477021694183349609e+00 3.404840469360351562e+00 -8.949438929557800293e-01
-5.082248687744140625e+00 4.849347114562988281e+00 2.969012260437011719e+00 1.135490655899047852e+00 -4.200927734375000000e+00 -2.477849721908569336e-01 -2.021486282348632812e+00 -6.197603344917297363e-01 5.406546592712402344e+00 -1.437434196472167969e+00
-8.007122874259948730e-01 -2.429059028625488281e+00 4.094925522804260254e-01 6.797527313232421875e+00 -2.582818508148193359e+00 1.329505443572998047e+00 -2.714004039764404297e+00 4.885388016700744629e-01 1.120015144348144531e+00 1.420862674713134766e+00
8.525955080986022949e-01 -4.217786312103271484e+00 2.504928588867187500e+00 -2.289869308471679688e+00 5.538770556449890137e-01 1.175280570983886719e+00 7.920226573944091797e+00 -6.601111888885498047e+00 1.795480370521545410e+00 -1.354306697845458984e+00
3.895891427993774414e+00 -9.784487724304199219e+00 4.212465286254882812e+00 -4.441978454589843750e+00 4.018714427947998047e+00 -1.418391764163970947e-01 8.293554306030273438e+00 -3.878218650817871094e+00 -1.484975218772888184e-03 5.686634033918380737e-02
-3.916499614715576172e-01 -4.047502517700195312e+00 -6.447361111640930176e-01 1.884416818618774414e+00 3.078034520149230957e-01 1.104675531387329102e+00 -4.772872924804687500e+00 3.340271949768066406e+00 1.756001591682434082e+00 5.087998390197753906e+00
2.748458385467529297e+00 -5.620676994323730469e+00 2.563828468322753906e+00 -2.316426515579223633e+00 6.742753386497497559e-01 -1.100499153137207031e+00 8.095511794090270996e-01 1.358268380165100098e+00 3.697500526905059814e-01 2.146818637847900391e+00
1.436738252639770508e+00 -2.536236524581909180e+00 -1.688234567642211914e+00 7.178516387939453125e+00 -4.933855533599853516e+00 5.370228767395019531e+00 -2.040089845657348633e+00 -2.460831880569458008e+00 2.458056211471557617e+00 2.676810920238494873e-01
4.929252862930297852e-01 -4.395655632019042969e+00 -2.093868970870971680e+00 1.673553705215454102e+00 7.686492800712585449e-01 5.448738574981689453e+00 -3.840894103050231934e-01 -3.971321105957031250e+00 2.823573112487792969e+00 2.032296419143676758e+00
-1.003591656684875488e+00 -1.955093026161193848e+00 2.320529520511627197e-02 -9.223895072937011719e-01 -5.606188774108886719e-01 -4.395658373832702637e-01 -5.229767322540283203e+00 8.263517379760742188e+00 1.505685091018676758e+00 3.309446096420288086e+00
-4.539613723754882812e+00 -4.368389129638671875e+00 -1.762475371360778809e+00 -1.507526159286499023e+00 8.860240936279296875e+00 8.926422595977783203e-01 2.755007892847061157e-02 -1.646672964096069336e+00 1.610912442207336426e+00 4.387193679809570312e+00
1.000689387321472168e+00 -5.546134948730468750e+00 1.686898589134216309e+00 -2.669553756713867188e+00 2.870585680007934570e+00 -5.462598204612731934e-01 3.184561967849731445e+00 -1.732382416725158691e+00 1.403677105903625488e+00 1.742026686668395996e+00
1.629541397094726562e+01 -1.304852390289306641e+01 2.981662273406982422e+00 -3.858143091201782227e-01 -6.894327163696289062e+00 7.842798233032226562e+00 2.466701507568359375e+00 -3.182363033294677734e+00 1.688690900802612305e+00 -3.338355064392089844e+00
-4.414045333862304688e+00 -2.379775762557983398e+00 -8.387608528137207031e-01 -2.612984180450439453e+00 6.702392578125000000e+00 1.036053895950317383e+00 -3.227584064006805420e-01 1.739744842052459717e-01 1.911908268928527832e+00 2.402891635894775391e+00
-3.654434680938720703e+00 2.188987970352172852e+00 2.845613718032836914e+00 -5.112545490264892578e-01 -4.106284379959106445e-01 1.804998159408569336e+00 6.008329868316650391e+00 -5.885314941406250000e+00 1.877020955085754395e+00 -4.143185615539550781e+00
1.896125316619873047e+00 -3.835949659347534180e+00 2.882025241851806641e+00 -3.770336866378784180e+00 9.010002613067626953e-01 2.464527606964111328e+00 8.373081207275390625e+00 -6.585807323455810547e+00 1.049134492874145508e+00 -3.360541105270385742e+00
1.266337680816650391e+01 -9.545470237731933594e+00 2.410807847976684570e+00 -4.688903689384460449e-02 -4.556101322174072266e+00 6.086721897125244141e+00 2.523877143859863281e+00 -2.386989593505859375e+00 -6.791307926177978516e-01 -3.333190441131591797e+00
-2.646206855773925781e+00 -1.076052904129028320e+00 8.361853659152984619e-02 -7.627431750297546387e-01 -3.023769557476043701e-01 4.175827980041503906e+00 -1.442382693290710449e+00 -4.716555595397949219e+00 8.249061584472656250e+00 -4.062031805515289307e-01
5.114204287528991699e-01 -5.635241985321044922e+00 2.236981540918350220e-01 2.940558671951293945e+00 1.535746455192565918e-01 5.548570632934570312e+00 -2.640703916549682617e+00 -4.316124916076660156e+00 4.517997264862060547e+00 2.255487442016601562e+00
1.052173852920532227e+00 -4.054432868957519531e+00 4.496507048606872559e-01 3.421581536531448364e-02 -4.670146852731704712e-03 1.001127243041992188e+00 -3.220013856887817383e+00 4.517814159393310547e+00 1.099469661712646484e+00 1.771655440330505371e+00
-5.516383647918701172e+00 6.989748954772949219e+00 2.479707241058349609e+00 9.015959501266479492e-01 -4.676173210144042969e+00 -1.064494252204895020e-03 -2.026188075542449951e-01 -7.299644351005554199e-01 2.857211828231811523e+00 -1.952249884605407715e+00
1.160376548767089844e+00 -2.787700176239013672e+00 3.888217687606811523e+00 -2.690369129180908203e+00 -3.207633197307586670e-01 2.875729560852050781e+00 9.247847557067871094e+00 -7.938621997833251953e+00 1.580906987190246582e+00 -5.193563938140869141e+00
1.843443870544433594e+00 -2.608383417129516602e+00 1.798431128263473511e-01 5.282567977905273438e+00 -3.844204902648925781e+00 4.559039115905761719e+00 -2.841531276702880859e+00 -2.518377065658569336e+00 3.593393802642822266e+00 -1.295274019241333008e+00
3.973929286003112793e-01 -2.082767486572265625e+00 -2.230906963348388672e+00 5.843062400817871094e+00 -4.835798263549804688e+00 4.389858722686767578e+00 -2.373984098434448242e+00 -2.544284462928771973e-01 2.302916288375854492e+00 2.009563922882080078e+00
3.704923987388610840e-01 -6.780058145523071289e-01 2.039196729660034180e+00 9.863987922668457031e+00 -6.322537422180175781e+00 2.375116825103759766e+00 -6.549595832824707031e+00 1.924186348915100098e+00 1.651231884956359863e+00 -9.590660929679870605e-01
-3.122165918350219727e+00 -2.775701284408569336e+00 -2.978166341781616211e-01 -1.586525917053222656e+00 4.073221683502197266e+00 2.461835861206054688e+00 6.749168395996093750e+00 -6.125501632690429688e+00 1.796243309974670410e+00 -6.439083814620971680e-01
-2.480520963668823242e+00 -1.766274690628051758e+00 -1.198941230773925781e+00 -9.147989749908447266e-02 2.451131820678710938e+00 1.300213575363159180e+00 -1.966301321983337402e+00 -1.987031251192092896e-01 1.999646306037902832e+00 3.877779483795166016e+00
-3.146707773208618164e+00 -3.614552497863769531e+00 -1.059241294860839844e+00 8.168154358863830566e-01 5.696525573730468750e+00 2.864211797714233398e-01 -7.780856490135192871e-01 -5.846216678619384766e-01 4.322275221347808838e-01 3.875331163406372070e+00
-2.412987232208251953e+00 -3.554800271987915039e+00 1.815444707870483398e+00 8.658787727355957031e+00 -1.529951810836791992e+00 -2.156193554401397705e-01 -6.724520206451416016e+00 2.069646596908569336e+00 2.970106363296508789e+00 3.675343751907348633e+00
-2.008505105972290039e+00 -2.566108703613281250e-01 2.585215091705322266e+00 3.974143743515014648e+00 -3.399584770202636719e+00 -1.752746343612670898e+00 -6.429152011871337891e+00 6.873936176300048828e+00 7.022404670715332031e-01 3.414693832397460938e+00
-1.640920400619506836e+00 -1.603391766548156738e+00 2.446677446365356445e+00 -2.010158777236938477e+00 2.292385816574096680e+00 9.946477413177490234e-01 6.636779308319091797e+00 -4.219410419464111328e+00 -8.501379191875457764e-02 -2.589101791381835938e+00
1.107244253158569336e+00 -1.312846422195434570e+00 -3.489490151405334473e-01 -1.691683888435363770e+00 9.754244089126586914e-01 6.015168666839599609e+00 1.298148274421691895e+00 -2.837044954299926758e+00 1.713523387908935547e+00 -4.025718688964843750e+00
-6.255110502243041992e-01 -1.168112874031066895e+00 3.440083265304565430e-01 1.016701459884643555e+00 -1.759676575660705566e+00 -6.950650215148925781e-01 -4.464498996734619141e+00 6.573608875274658203e+00 2.109372615814208984e-01 3.492055654525756836e+00
6.603344678878784180e-01 -3.160643100738525391e+00 1.080108165740966797e+00 5.714732170104980469e+00 -3.124696254730224609e+00 4.346046447753906250e+00 -4.902328491210937500e+00 -7.331455349922180176e-01 2.583543300628662109e+00 8.214707970619201660e-01
-6.011772155761718750e-02 1.053237542510032654e-01 1.224320530891418457e+00 3.197684288024902344e+00 -3.514440298080444336e+00 1.906609177589416504e+00 -2.131771087646484375e+00 -8.946360945701599121e-01 2.048772096633911133e+00 -5.232049226760864258e-01
1.474734401702880859e+01 -1.194281482696533203e+01 3.329654693603515625e+00 7.576413750648498535e-01 -7.275415897369384766e+00 6.435537338256835938e+00 -2.681556940078735352e+00 -1.498123884201049805e+00 4.174983024597167969e+00 -1.226520895957946777e+00
-2.203894615173339844e+00 2.503880500793457031e+00 9.118318557739257812e+00 3.615381240844726562e+00 -6.866183280944824219e+00 -1.707687973976135254e-01 1.180743336677551270e+00 -2.917569398880004883e+00 3.224402904510498047e+00 -5.931603908538818359e+00
-5.019835472106933594e+00 5.797685146331787109e+00 -4.071543812751770020e-01 5.405237078666687012e-01 -2.524006366729736328e+00 2.281861305236816406e+00 -7.866739034652709961e-01 -1.012434601783752441e+00 2.672391176223754883e+00 -1.434143781661987305e+00
-4.460620403289794922e+00 -2.773972511291503906e+00 -1.007496595382690430e+00 -7.422766089439392090e-01 4.697103023529052734e+00 3.377696514129638672e+00 1.310868859291076660e-01 -4.182963371276855469e+00 5.702146053314208984e+00 5.948165655136108398e-01
5.586966276168823242e-01 -6.766467094421386719e+00 2.916029453277587891e+00 -5.187035560607910156e+00 6.289824962615966797e+00 8.100097179412841797e-01 7.871061325073242188e+00 -4.445960521697998047e+00 -1.754712462425231934e-01 -6.430609226226806641e-01
-1.325254082679748535e+00 -3.054747581481933594e+00 8.586366653442382812e+00 5.679761886596679688e+00 -3.841801643371582031e+00 -2.837273120880126953e+00 1.844956278800964355e+00 -1.550611972808837891e+00 2.146875143051147461e+00 -3.185092926025390625e+00
-5.512886643409729004e-01 2.047625541687011719e+00 -2.294442951679229736e-01 -8.124385476112365723e-01 -2.102484226226806641e+00 5.466012001037597656e+00 1.791726648807525635e-01 -2.560763597488403320e+00 2.746987104415893555e+00 -3.696501493453979492e+00
5.906574726104736328e+00 -5.160531997680664062e+00 1.786852121353149414e+00 6.356062889099121094e-01 -3.412395000457763672e+00 2.864470005035400391e+00 -2.807563066482543945e+00 -2.525805234909057617e-01 2.864569187164306641e+00 6.827676296234130859e-02
-8.604885935783386230e-01 -8.683980703353881836e-01 1.181154251098632812e+00 4.809555709362030029e-01 -1.734617948532104492e+00 -1.026913166046142578e+00 -4.162636756896972656e+00 6.903364658355712891e+00 2.778737246990203857e-01 2.527122259140014648e+00
-5.376100540161132812e+00 1.310674428939819336e+00 1.368343591690063477e+00 3.353395938873291016e+00 -6.132816076278686523e-01 -2.079150199890136719e+00 -3.168005704879760742e+00 4.392670631408691406e+00 7.080016136169433594e-01 2.842202901840209961e+00
1.508116483688354492e+00 -4.249248504638671875e+00 3.918017148971557617e-01 -3.849807262420654297e+00 2.784470081329345703e+00 4.752111434936523438e+00 3.640131235122680664e+00 -4.497189998626708984e+00 2.749825716018676758e+00 -2.316084623336791992e+00
-8.184744834899902344e+00 8.711686134338378906e+00 1.422653794288635254e+00 1.988056063652038574e+00 -3.864278793334960938e+00 -1.157536029815673828e+00 -1.560590624809265137e+00 1.734828591346740723e+00 2.177891492843627930e+00 -5.168201327323913574e-01
-3.787681460380554199e-03 -1.264637708663940430e+00 2.744606494903564453e+00 -1.489695668220520020e+00 -1.113442853093147278e-01 3.241765022277832031e+00 4.292734622955322266e+00 -4.637455940246582031e+00 2.481178998947143555e+00 -4.992043972015380859e+00
1.098628044128417969e+00 -2.938267469406127930e+00 2.978901386260986328e+00 -1.311168909072875977e+00 -4.131803512573242188e+00 5.231885910034179688e+00 -1.531758606433868408e-01 -6.494602203369140625e+00 1.005199623107910156e+01 -2.863814353942871094e+00
2.789968252182006836e+00 -9.689910888671875000e+00 3.978922128677368164e+00 -5.635392189025878906e+00 4.201598644256591797e+00 -5.247770547866821289e-01 9.016524314880371094e+00 -4.724881649017333984e+00 1.854055285453796387e+00 1.084307312965393066e+00
-6.655068874359130859e+00 7.545470714569091797e+00 1.079617142677307129e+00 1.220968961715698242e+00 -3.014045476913452148e+00 -2.440195977687835693e-01 -8.422831296920776367e-01 7.612768411636352539e-01 1.589334011077880859e+00 -1.129125118255615234e+00
2.504297733306884766e+00 -3.146229743957519531e+00 -1.789476156234741211e+00 -1.569185018539428711e+00 3.630648553371429443e-01 6.529266834259033203e+00 -5.923595428466796875e-01 -2.360957384109497070e+00 2.307800292968750000e+00 -6.657119393348693848e-01
3.967418432235717773e+00 -1.161143875122070312e+01 2.017188310623168945e+00 -4.914251804351806641e+00 2.672291040420532227e+00 -1.294350147247314453e+00 -2.349538326263427734e+00 4.208785533905029297e+00 4.311378479003906250e+00 7.466847896575927734e+00
-1.997781038284301758e+00 1.319106698036193848e+00 9.226603507995605469e+00 4.323004245758056641e+00 -7.772589206695556641e+00 6.844009459018707275e-02 -2.264113187789916992e+00 -3.425056457519531250e+00 7.276823997497558594e+00 -5.061615467071533203e+00
-6.137986183166503906e+00 7.413228034973144531e+00 2.001497507095336914e+00 1.294845461845397949e+00 -4.250687599182128906e+00 -7.559062242507934570e-01 -1.343629598617553711e+00 8.715456724166870117e-01 2.314164400100708008e+00 -1.108531832695007324e+00
-3.457246303558349609e+00 6.745525598526000977e-01 1.306964278221130371e+00 2.100110769271850586e+00 -2.454534769058227539e+00 9.388289451599121094e-01 -3.247810602188110352e+00 -2.005380868911743164e+00 6.662837028503417969e+00 9.131833314895629883e-01
-3.533403635025024414e+00 -5.312905311584472656e+00 -2.895296335220336914e+00 -2.817131519317626953e+00 8.573933601379394531e+00 2.232410907745361328e+00 5.911362171173095703e-01 -2.582684278488159180e+00 2.929298639297485352e+00 4.819309711456298828e+00
3.750205278396606445e+00 -2.969830274581909180e+00 4.778452873229980469e+00 1.154494953155517578e+01 -1.006623268127441406e+01 5.026137351989746094e+00 -6.268819808959960938e+00 -1.395309567451477051e+00 3.451056241989135742e+00 -3.564331769943237305e+00
1.914057493209838867e+00 -4.858834743499755859e+00 1.051179289817810059e+00 2.195171833038330078e+00 -3.385335445404052734e+00 -5.528110265731811523e-02 -6.315340042114257812e+00 8.786780357360839844e+00 8.278083801269531250e-01 4.537464618682861328e+00
-1.814015626907348633e+00 -9.897217750549316406e-01 4.143263339996337891e+00 -2.913615226745605469e+00 6.181662082672119141e-01 -7.137864828109741211e-01 8.027482986450195312e+00 -5.212923526763916016e+00 1.394480824470520020e+00 -2.408177375793457031e+00
-4.311671733856201172e+00 -1.004668807983398438e+01 -4.499953389167785645e-01 -2.810991525650024414e+00 8.922472953796386719e+00 -3.319619655609130859e+00 -2.286111831665039062e+00 2.116777896881103516e+00 4.350159168243408203e+00 1.286724185943603516e+01
-7.311321258544921875e+00 8.161978721618652344e+00 1.919905066490173340e+00 1.138143539428710938e+00 -4.478334903717041016e+00 -5.092370510101318359e-01 -1.229986310005187988e+00 3.433474153280258179e-02 3.624503612518310547e+00 -1.146609306335449219e+00
-6.680374741554260254e-01 -4.021669387817382812e+00 -1.273711919784545898e+00 8.411139249801635742e-01 -3.511107563972473145e-01 -4.637222290039062500e-01 -6.424406051635742188e+00 1.137475681304931641e+01 7.187654972076416016e-01 4.662276268005371094e+00
-4.472583770751953125e+00 -3.985963582992553711e+00 -1.775499224662780762e+00 2.703312635421752930e-01 7.592854022979736328e+00 4.156029224395751953e-01 -6.080677360296249390e-02 -6.384587287902832031e-01 -1.516588032245635986e-01 5.271151542663574219e+00
6.731878757476806641e+00 -6.811626434326171875e+00 1.443034768104553223e+00 1.339885115623474121e+00 -2.860464096069335938e+00 2.971925735473632812e+00 -1.415474295616149902e+00 -2.823599576950073242e-01 1.109847307205200195e+00 5.446757674217224121e-01
9.151960909366607666e-02 -6.434290409088134766e+00 -2.645108461380004883e+00 7.817919731140136719e+00 7.415907829999923706e-02 3.273788928985595703e+00 -5.819833278656005859e+00 2.943491697311401367e+00 1.443685054779052734e+00 4.774970054626464844e+00
1.673522377014160156e+01 -1.123163604736328125e+01 2.028539180755615234e+00 -2.240244671702384949e-02 -8.299387931823730469e+00 8.733355522155761719e+00 2.766780376434326172e+00 -2.454515457153320312e+00 8.364888429641723633e-01 -4.914931774139404297e+00
-6.158830165863037109e+00 6.189070701599121094e+00 1.711688876152038574e+00 1.117943301796913147e-01 -1.857311725616455078e+00 -1.077409982681274414e+00 -5.629113912582397461e-01 1.252473473548889160e+00 2.135949373245239258e+00 -1.207396626472473145e+00
1.142961502075195312e+01 -9.551636695861816406e+00 2.018723487854003906e+00 2.986236572265625000e+00 -6.788507461547851562e+00 5.871637344360351562e+00 -5.879385471343994141e+00 1.602388501167297363e+00 3.069468498229980469e+00 4.449547529220581055e-01
2.419025659561157227e+00 -4.353301048278808594e+00 -2.118590593338012695e+00 4.641347408294677734e+00 -2.325126886367797852e+00 8.030757904052734375e+00 -3.151808261871337891e+00 -4.031913757324218750e+00 3.723700284957885742e+00 4.885109066963195801e-01
-3.858621358871459961e+00 -6.214100837707519531e+00 -2.237454175949096680e+00 -2.181988716125488281e+00 1.111045837402343750e+01 1.074068069458007812e+00 1.248905897140502930e+00 -1.328350186347961426e+00 3.525380790233612061e-01 3.803997755050659180e+00
-2.290937423706054688e+00 -6.383860588073730469e+00 6.053847074508666992e-01 -1.660704016685485840e+00 4.821537494659423828e+00 -2.898508548736572266e+00 -1.951217174530029297e+00 3.204123973846435547e+00 2.148644447326660156e+00 7.756858348846435547e+00
3.458971738815307617e+00 -4.188105106353759766e+00 -2.765321016311645508e+00 3.233200311660766602e+00 -2.219246864318847656e+00 7.615171432495117188e+00 -1.895506381988525391e+00 -3.178046941757202148e-01 5.141242742538452148e-01 1.459319889545440674e-01
-1.438753724098205566e+00 -1.405649304389953613e+00 -9.761583805084228516e-01 -2.430302381515502930e+00 4.122610092163085938e+00 6.480958461761474609e+00 2.514540195465087891e+00 -4.792505741119384766e+00 2.505320072174072266e+00 -3.641480207443237305e+00
1.977082443237304688e+01 -1.461581516265869141e+01 3.391602039337158203e+00 9.450121521949768066e-01 -9.558262825012207031e+00 9.676885604858398438e+00 7.975182682275772095e-02 -4.406970977783203125e+00 4.344808578491210938e+00 -4.202349185943603516e+00
1.679457783699035645e+00 -5.060551643371582031e+00 9.616116523742675781e+00 3.441852331161499023e+00 -3.505784273147583008e+00 -1.026506185531616211e+00 -5.087944269180297852e-01 -2.045895814895629883e+00 2.629274368286132812e+00 -2.347404003143310547e+00
-1.477278172969818115e-01 -2.080580949783325195e+00 3.186868906021118164e+00 5.289976119995117188e+00 -3.485354900360107422e+00 3.266962051391601562e+00 -4.314680576324462891e+00 -3.284676074981689453e+00 4.936242103576660156e+00 -8.828048706054687500e-01
-1.539036989212036133e+00 -1.041251420974731445e+00 1.545626163482666016e+00 9.041210174560546875e+00 -4.408638477325439453e+00 2.899891853332519531e+00 -5.666589736938476562e+00 -1.526508808135986328e+00 3.790702342987060547e+00 -1.750095784664154053e-01
8.829832673072814941e-01 -4.774839878082275391e+00 -3.226508498191833496e-01 -8.276686072349548340e-03 5.607420802116394043e-01 -7.856816053390502930e-01 -3.728093385696411133e+00 7.248276710510253906e+00 -1.793103814125061035e-01 4.387788295745849609e+00
-6.417640686035156250e+00 7.058576583862304688e+00 2.169130802154541016e+00 1.603277802467346191e+00 -5.471960067749023438e+00 4.145941734313964844e-01 -1.769493103027343750e+00 -9.508262276649475098e-01 5.146384716033935547e+00 -1.231893420219421387e+00
3.128166913986206055e+00 -7.339539051055908203e+00 1.392378449440002441e+00 -2.058916807174682617e+00 1.133312821388244629e+00 -8.570262193679809570e-01 -6.155487298965454102e-01 2.703323602676391602e+00 8.858512639999389648e-01 4.161565303802490234e+00
