6.248839572072029114e-02
1.770331338047981262e-02
-2.380258962512016296e-02
-5.203113704919815063e-02
-6.454563885927200317e-02
2.741652540862560272e-02
5.674887914210557938e-03
8.412026800215244293e-03
-6.947409827262163162e-03
-1.646881573833525181e-03
2.880810387432575226e-02
-6.625594198703765869e-02
6.222046166658401489e-02
7.345359027385711670e-02
1.779828337021172047e-03
-1.978349126875400543e-02
2.068364992737770081e-03
7.764126174151897430e-03
-6.136666983366012573e-02
2.580240182578563690e-02
-3.138419240713119507e-02
5.539414286613464355e-02
-3.827140666544437408e-03
-3.641238436102867126e-02
-7.124997675418853760e-03
-2.701772004365921021e-02
8.464657701551914215e-03
3.199643641710281372e-02
7.322467118501663208e-02
-2.036215737462043762e-02
1.338976621627807617e-02
-2.930392883718013763e-02
-2.017006650567054749e-02
8.072755299508571625e-03
2.566135488450527191e-02
-1.106609962880611420e-02
-3.496328741312026978e-02
-1.032268349081277847e-02
4.712568968534469604e-02
4.832715261727571487e-03
-5.766155663877725601e-03
5.658408626914024353e-03
1.077442094683647156e-01
-1.492409035563468933e-02
2.636730484664440155e-02
2.458522282540798187e-02
3.600928559899330139e-02
2.257604897022247314e-02
-4.533575847744941711e-03
-8.086031302809715271e-03
4.413405805826187134e-02
-2.738106250762939453e-02
7.711352780461311340e-03
-4.320092871785163879e-02
-7.034207694232463837e-03
9.362830966711044312e-02
1.979883201420307159e-02
-1.995273493230342865e-02
-1.712755858898162842e-02
-1.288129854947328568e-02
-5.586744472384452820e-02
1.251256652176380157e-02
-2.064837329089641571e-02
1.028513237833976746e-01
-4.444294795393943787e-02
-3.943137079477310181e-02
-2.933912910521030426e-02
-2.571804448962211609e-03
-1.194725278764963150e-02
-4.782698582857847214e-03
1.333742402493953705e-02
-1.648046821355819702e-02
2.335130423307418823e-02
-1.116983778774738312e-02
6.112426519393920898e-03
2.573939971625804901e-02
-9.105510078370571136e-03
-8.210903964936733246e-03
8.362810313701629639e-02
7.104439288377761841e-02
-2.451183646917343140e-02
-2.203173749148845673e-02
-1.218765415251255035e-02
4.791960865259170532e-02
-1.522646285593509674e-02
7.958762347698211670e-02
7.185776531696319580e-02
1.405465882271528244e-02
5.676988884806632996e-02
-2.963186707347631454e-03
-4.585687071084976196e-02
1.942821778357028961e-02
-1.867788471281528473e-02
-7.922200486063957214e-03
-5.527328327298164368e-02
-1.085225027054548264e-03
-1.464428845793008804e-02
-2.367226034402847290e-02
4.642178863286972046e-02
1.682548224925994873e-02
