-6.900130271911621094e+00 1.107640266418457031e+01 -8.299440741539001465e-01 -7.190977334976196289e-01 -3.139955103397369385e-01 -5.248745441436767578e+00 -2.473374366760253906e+00 3.010665893554687500e+00 3.667716681957244873e-01 -5.493642330169677734e+00
1.237245082855224609e+01 -4.983772277832031250e+00 7.765689849853515625e+00 -6.097805023193359375e+00 -4.051170825958251953e+00 -2.009192943572998047e+00 7.866994142532348633e-01 1.707795500755310059e+00 -1.613608717918395996e+00 -2.623011589050292969e+00
-5.583129405975341797e+00 2.265254497528076172e+00 -4.140695035457611084e-01 1.038648962974548340e+00 -3.282730340957641602e+00 6.864447593688964844e-01 9.722081422805786133e-01 -5.285847663879394531e+00 1.079307079315185547e+01 -2.368706941604614258e+00
-3.434093475341796875e+00 8.416080474853515625e-01 3.610096931457519531e+00 5.022304058074951172e+00 -1.136069488525390625e+01 -2.575861215591430664e+00 -3.972317457199096680e+00 -6.536757469177246094e+00 1.744760513305664062e+01 2.867865562438964844e+00
1.714325904846191406e+00 -5.874463558197021484e+00 5.724960803985595703e+00 3.933896064758300781e+00 -8.841413497924804688e+00 -3.633028030395507812e+00 -1.392214488983154297e+01 1.527590560913085938e+01 -3.368838071823120117e+00 8.208872079849243164e-01
-8.275909423828125000e+00 -8.477492332458496094e+00 -2.264410257339477539e+00 -5.330553054809570312e+00 1.837805938720703125e+01 -1.837544441223144531e+00 2.540155172348022461e+00 5.609109878540039062e+00 -4.732756614685058594e+00 3.760560035705566406e+00
-4.266664981842041016e+00 2.849775314331054688e+00 2.629814863204956055e+00 1.590175342559814453e+01 -7.215619087219238281e+00 4.678143978118896484e+00 -7.872171401977539062e+00 -8.738140106201171875e+00 1.671988606452941895e+00 9.284588098526000977e-01
-5.626397609710693359e+00 1.049373531341552734e+01 -5.524748563766479492e-01 -1.162752270698547363e+00 -2.101258516311645508e+00 -4.253842353820800781e+00 -3.515454769134521484e+00 2.468317508697509766e+00 -4.205293953418731689e-01 -4.900554180145263672e+00
-9.500636100769042969e+00 -2.395261287689208984e+00 -8.960645675659179688e+00 -3.416890621185302734e+00 1.332501506805419922e+01 -4.521358966827392578e+00 -1.263442933559417725e-01 5.339645385742187500e+00 5.635201930999755859e-01 4.597861766815185547e+00
-4.067762851715087891e+00 -8.217512130737304688e+00 2.899887323379516602e+00 -7.805467128753662109e+00 1.549239540100097656e+01 -1.222869396209716797e+00 4.637160778045654297e+00 -1.425151377916336060e-01 -2.012970685958862305e+00 1.792285561561584473e+00
-5.719515800476074219e+00 -3.767562389373779297e+00 -2.256852626800537109e+00 2.457837820053100586e+00 -8.162484169006347656e+00 1.429811859130859375e+01 -2.230766057968139648e+00 -6.842660903930664062e+00 9.086838722229003906e+00 3.934492588043212891e+00
-2.655578136444091797e+00 9.062294960021972656e-01 5.847218990325927734e+00 1.413312149047851562e+01 -6.872543811798095703e+00 1.975271224975585938e+00 -1.076894760131835938e+01 -5.860738754272460938e+00 1.037642240524291992e+00 1.552244305610656738e+00
-8.795908689498901367e-01 -8.905650138854980469e+00 6.519853115081787109e+00 3.401862859725952148e+00 -1.023435974121093750e+01 1.699070572853088379e+00 -1.606075286865234375e+01 2.181973075866699219e+01 -1.208661794662475586e+00 6.607997417449951172e-01
-2.489898681640625000e+00 -4.848661899566650391e+00 -7.623332142829895020e-01 -4.901669979095458984e+00 5.016335964202880859e+00 -1.348701357841491699e+00 -5.523107051849365234e-01 5.166718959808349609e+00 1.301470518112182617e+00 2.382387638092041016e+00
-6.337008953094482422e+00 -4.824171066284179688e+00 -1.781237959861755371e+00 9.917465209960937500e+00 -8.729979515075683594e+00 1.758639335632324219e+01 -4.179788589477539062e+00 -8.972591400146484375e+00 4.580778598785400391e+00 7.719056606292724609e+00
-2.684409618377685547e+00 -6.608510971069335938e+00 3.660887479782104492e+00 -4.749932289123535156e+00 2.280251026153564453e+00 5.382183790206909180e-01 1.905436897277832031e+01 -7.224230766296386719e+00 -2.976315259933471680e+00 -5.189803600311279297e+00
-6.415814161300659180e-01 -2.035393953323364258e+00 -1.878878355026245117e+00 9.451536178588867188e+00 -1.430363464355468750e+01 1.993876838684082031e+01 -4.139083325862884521e-01 -1.295218467712402344e+01 1.033208847045898438e+00 7.671453952789306641e+00
-5.310830116271972656e+00 -1.636992454528808594e+00 -1.282704472541809082e+00 5.716022253036499023e-01 3.945894956588745117e+00 -4.659838199615478516e+00 -4.273765087127685547e+00 6.920780181884765625e+00 -1.677085161209106445e+00 8.268817663192749023e-01
1.305932998657226562e+01 -6.707545280456542969e+00 4.395883083343505859e+00 -4.911613464355468750e+00 -3.297300338745117188e+00 -7.618404865264892578e+00 5.519428104162216187e-02 -2.015334367752075195e+00 5.731503009796142578e+00 2.120348930358886719e+00
-7.005174160003662109e-01 -5.601101875305175781e+00 4.159525394439697266e+00 -6.525906562805175781e+00 4.191979408264160156e+00 2.622989892959594727e+00 1.691187858581542969e+01 -9.240389823913574219e+00 -3.799154281616210938e+00 -7.348183155059814453e+00
-1.546142005920410156e+01 -6.584516525268554688e+00 -1.218693017959594727e+00 1.147590041160583496e+00 1.547113418579101562e+01 3.414301395416259766e+00 -4.228391170501708984e+00 -5.675653815269470215e-01 1.944510459899902344e+00 4.409624099731445312e+00
-2.705378055572509766e+00 1.721367597579956055e+00 8.565352559089660645e-01 -1.325342655181884766e+00 -4.689967155456542969e+00 1.012064361572265625e+01 -7.414025664329528809e-01 -2.312709331512451172e+00 8.541291356086730957e-01 -6.915142059326171875e+00
-2.187274456024169922e+00 4.764352321624755859e+00 2.118325042724609375e+01 8.960816383361816406e+00 -1.077851486206054688e+01 -2.079896450042724609e+00 -4.644095897674560547e+00 -1.345381259918212891e+00 3.510820627212524414e+00 -9.736787796020507812e+00
-7.914301395416259766e+00 -1.022550010681152344e+01 8.132519125938415527e-01 2.770850658416748047e+00 1.316449165344238281e+00 -8.547470092773437500e+00 1.762878298759460449e+00 9.445653915405273438e+00 5.246428966522216797e+00 4.679493904113769531e-01
-4.113621711730957031e-01 -3.892908096313476562e+00 3.182390451431274414e+00 -3.443135023117065430e+00 -2.068294286727905273e-01 3.440269470214843750e+00 1.302983188629150391e+01 -7.166322708129882812e+00 -3.969626665115356445e+00 -8.223300933837890625e+00
-7.591479778289794922e+00 -1.626494407653808594e+00 -5.826525211334228516e+00 3.430566936731338501e-02 1.138209247589111328e+01 -7.399278163909912109e+00 -4.865174293518066406e+00 1.823681116104125977e+00 2.120139837265014648e+00 9.045742034912109375e+00
-4.514284610748291016e+00 -1.076149272918701172e+01 -1.384011864662170410e+00 2.089560508728027344e+00 -7.782767415046691895e-01 4.494484901428222656e+00 -8.643012046813964844e+00 3.622166633605957031e+00 1.756533503532409668e+00 9.586845397949218750e+00
-9.566875696182250977e-01 -5.763922691345214844e+00 1.102868914604187012e+00 -9.534559249877929688e-01 2.154632329940795898e+00 -3.061274588108062744e-01 -3.703190565109252930e+00 -7.712180018424987793e-01 -1.321084856986999512e+00 6.054816246032714844e+00
-3.040115833282470703e+00 -4.582932472229003906e+00 1.280748963356018066e+00 1.833893394470214844e+01 -1.262527751922607422e+01 5.270315647125244141e+00 -1.866687202453613281e+01 2.413771629333496094e+00 -4.408319294452667236e-01 6.761396884918212891e+00
-1.379898071289062500e+00 1.399686813354492188e+00 1.567389816045761108e-01 7.960033416748046875e+00 -1.749460792541503906e+01 2.131454277038574219e+01 -3.579154253005981445e+00 -1.278397655487060547e+01 5.547036170959472656e+00 5.797451496124267578e+00
-1.986937999725341797e+00 -3.282298803329467773e+00 1.476245522499084473e-01 1.279587936401367188e+01 -8.316523551940917969e+00 4.029510498046875000e+00 -1.212608432769775391e+01 -6.840050220489501953e+00 9.161767005920410156e+00 6.395947933197021484e+00
-3.110603809356689453e+00 -6.346665620803833008e-01 -5.868563055992126465e-01 7.111560344696044922e+00 -2.284320116043090820e+00 -2.533915638923645020e-02 -4.805403232574462891e+00 1.341739416122436523e+00 1.393650889396667480e+00 7.747510075569152832e-01
-1.041239643096923828e+01 1.075960826873779297e+01 -2.275386601686477661e-01 1.209576249122619629e+00 2.196078300476074219e+00 -2.937757968902587891e+00 -3.087965726852416992e+00 -4.791865050792694092e-01 2.882909536361694336e+00 -2.135436534881591797e+00
1.492633152008056641e+01 -5.038444995880126953e+00 6.952395915985107422e+00 -3.921699047088623047e+00 -7.049365997314453125e+00 -2.256559610366821289e+00 -3.030640363693237305e+00 2.731986343860626221e-01 -1.578685522079467773e+00 5.105385780334472656e+00
7.581393718719482422e-01 -2.347573280334472656e+00 6.584684848785400391e+00 4.477600574493408203e+00 -1.025093555450439453e+01 -3.457610607147216797e+00 -9.754014968872070312e+00 1.453135108947753906e+01 -4.274682521820068359e+00 -2.520588636398315430e-01
-6.422838211059570312e+00 7.441865444183349609e+00 -5.916240692138671875e+00 1.452176213264465332e+00 2.706331014633178711e+00 -3.694667577743530273e+00 -2.622256278991699219e+00 8.657908439636230469e-01 -3.167995512485504150e-01 -2.197749614715576172e+00
2.868911027908325195e-01 -9.011250495910644531e+00 2.526019334793090820e+00 5.553639411926269531e+00 -9.358515739440917969e+00 -1.177530050277709961e+00 -1.290926074981689453e+01 1.799716567993164062e+01 -1.765295505523681641e+00 2.920707225799560547e+00
-6.446273326873779297e+00 1.500507354736328125e+00 -6.009376525878906250e+00 9.148108959197998047e-01 2.489763021469116211e+00 -2.771597623825073242e+00 -6.943592548370361328e+00 2.261190891265869141e+00 2.713845491409301758e+00 6.836634159088134766e+00
-3.685492038726806641e+00 3.998868942260742188e+00 1.680316543579101562e+01 7.463412284851074219e+00 -1.422211837768554688e+01 -3.449879646301269531e+00 -9.616631507873535156e+00 3.959692478179931641e+00 4.803239822387695312e+00 -5.502849102020263672e+00
-1.832505464553833008e+00 2.513357877731323242e+00 -4.480707645416259766e+00 5.435589551925659180e-01 -1.584368705749511719e+00 -2.288094520568847656e+00 -9.646155357360839844e+00 3.482883691787719727e+00 -4.642248451709747314e-01 7.135658740997314453e+00
-3.771825313568115234e+00 1.685199260711669922e+00 -8.941397070884704590e-01 -1.741205930709838867e+00 5.555540919303894043e-01 -7.156380414962768555e-01 1.169149684906005859e+01 -8.247129440307617188e+00 2.692131757736206055e+00 -5.820158481597900391e+00
-4.214412689208984375e+00 -2.354669094085693359e+00 -6.526211261749267578e+00 5.090069293975830078e+00 -1.970668435096740723e-01 -3.620412349700927734e+00 -9.330959320068359375e+00 3.236745119094848633e+00 3.054926633834838867e+00 1.209594726562500000e+01
7.870369434356689453e+00 -1.426233959197998047e+01 -1.247627735137939453e+00 -8.842367172241210938e+00 3.088818788528442383e+00 -3.482980966567993164e+00 -5.202455043792724609e+00 5.102230548858642578e+00 -9.040482044219970703e-01 1.279096317291259766e+01
-5.432672977447509766e+00 2.522955656051635742e+00 -4.175406932830810547e+00 3.196178197860717773e+00 -1.063836765289306641e+01 -1.076415538787841797e+00 -1.614434623718261719e+01 9.817416191101074219e+00 5.780050754547119141e+00 3.014060258865356445e+00
3.057198524475097656e+00 -5.918033123016357422e+00 -1.498468637466430664e+00 3.195942878723144531e+00 -4.420300960540771484e+00 1.246336650848388672e+01 -9.997872114181518555e-01 -6.467757225036621094e+00 3.644586801528930664e-01 4.168057918548583984e+00
-2.055459260940551758e+00 -4.217164993286132812e+00 8.193828582763671875e+00 -5.454825401306152344e+00 1.550607013702392578e+01 -2.630782365798950195e+00 3.153528928756713867e+00 -2.035894870758056641e+00 -5.364737987518310547e+00 -9.133700132369995117e-01
-5.706000804901123047e+00 1.086439800262451172e+01 -3.747842609882354736e-01 -3.521088361740112305e-01 -7.314234375953674316e-01 -4.636620044708251953e+00 -2.020016908645629883e+00 1.313541650772094727e+00 2.844738662242889404e-01 -6.930132389068603516e+00
-7.018359184265136719e+00 -1.042194724082946777e+00 1.226653456687927246e+00 -1.144572615623474121e+00 1.284874534606933594e+01 -3.284501791000366211e+00 -5.798081874847412109e+00 -1.002480626106262207e+00 9.218583106994628906e-01 5.287875652313232422e+00
1.552847027778625488e+00 -3.990070343017578125e+00 7.108050584793090820e-01 1.430624246597290039e+00 -3.439837217330932617e+00 -1.088169932365417480e+00 1.274312591552734375e+01 -8.291875839233398438e+00 2.466459274291992188e-01 -2.329705953598022461e-01
-5.640138149261474609e+00 -2.709569692611694336e+00 -2.129337310791015625e+00 8.596704006195068359e-01 1.377360701560974121e+00 -4.917251765727996826e-01 -1.009461116790771484e+01 3.092746734619140625e+00 -5.432667583227157593e-02 1.172414588928222656e+01
1.725107431411743164e-01 2.236388683319091797e+00 8.445229530334472656e+00 1.790959548950195312e+01 -2.007612991333007812e+01 1.148499488830566406e+01 -1.878309059143066406e+01 -2.009116888046264648e+00 2.150285243988037109e+00 5.064777374267578125e+00
-7.151217937469482422e+00 5.221111297607421875e+00 1.827411270141601562e+01 4.907952785491943359e+00 -7.728589534759521484e+00 -1.007624626159667969e+00 -1.441079735755920410e+00 -7.516378760337829590e-01 -2.957251109182834625e-02 -1.361199855804443359e+01
1.047654271125793457e+00 -3.211218595504760742e+00 -1.626382619142532349e-01 -1.351561307907104492e+00 -4.965376377105712891e+00 5.018650531768798828e+00 -1.858478069305419922e+00 3.980089128017425537e-01 1.896704077720642090e+00 1.168770432472229004e+00
1.956590294837951660e+00 -8.110450744628906250e+00 -1.074306201934814453e+01 1.651894330978393555e+00 -1.096033096313476562e+01 1.882906532287597656e+01 -6.473077297210693359e+00 -2.918238162994384766e+00 7.755682945251464844e+00 7.350085735321044922e+00
-7.790464162826538086e-01 1.908281445503234863e-02 4.310175418853759766e+00 1.912638282775878906e+01 -1.141871833801269531e+01 6.601632118225097656e+00 -1.216419982910156250e+01 -1.558878326416015625e+01 5.393934249877929688e+00 6.032054901123046875e+00
-7.545563220977783203e+00 8.034271240234375000e+00 2.610196685791015625e+01 7.183298110961914062e+00 -1.369929504394531250e+01 8.594388961791992188e-01 -5.402161121368408203e+00 -2.377573490142822266e+00 2.884380102157592773e+00 -1.579633903503417969e+01
-4.949401378631591797e+00 3.830550670623779297e+00 9.568947792053222656e+00 1.978679466247558594e+01 -1.463808536529541016e+01 5.701549053192138672e+00 -1.157286262512207031e+01 -7.679219245910644531e+00 4.678102016448974609e+00 -3.121069669723510742e-01
-4.874344348907470703e+00 -5.222916603088378906e+00 -1.905392050743103027e+00 1.418082237243652344e+01 -8.376873016357421875e+00 5.196470737457275391e+00 -1.072239303588867188e+01 -1.623076200485229492e+00 3.244025230407714844e+00 4.380847454071044922e+00
1.153144836425781250e+00 -2.341553688049316406e+00 4.812056720256805420e-01 1.217011451721191406e+01 -1.041581249237060547e+01 2.707827568054199219e+00 -9.982752799987792969e+00 -4.021430015563964844e+00 1.404888868331909180e+00 6.764894962310791016e+00
-2.791723251342773438e+00 8.644709587097167969e-01 7.886703014373779297e-01 1.286671447753906250e+01 -1.166890525817871094e+01 1.934487342834472656e+01 -9.101818084716796875e+00 -1.619691467285156250e+01 2.797305822372436523e+00 6.083901882171630859e+00
-4.716330766677856445e-01 -5.477378845214843750e+00 1.431626439094543457e+00 3.658565998077392578e+00 -8.680993080139160156e+00 1.829834938049316406e+00 -1.235792541503906250e+01 1.385090255737304688e+01 -4.310361444950103760e-01 4.238349914550781250e+00
-7.248733043670654297e+00 -3.618592262268066406e+00 1.000218868255615234e+00 -2.753293991088867188e+00 1.036532211303710938e+01 -8.752217292785644531e-01 1.462143659591674805e+00 -1.677653670310974121e+00 -2.885394334793090820e+00 1.852708697319030762e+00
-9.712780952453613281e+00 -3.958915710449218750e+00 -2.590791940689086914e+00 -4.937989711761474609e+00 1.347848892211914062e+01 -1.325339078903198242e-03 6.067456007003784180e-01 1.556991338729858398e+00 4.001151561737060547e+00 1.647793650627136230e+00
-3.044848918914794922e+00 -2.147415637969970703e+00 -6.062521457672119141e+00 1.024642825126647949e+00 1.937624096870422363e+00 8.710566520690917969e+00 8.494653552770614624e-02 1.516087055206298828e+00 -1.437018215656280518e-01 -1.025535821914672852e+00
1.597056770324707031e+01 -6.752737998962402344e+00 6.163575053215026855e-01 -5.361322402954101562e+00 3.142422810196876526e-02 2.239606678485870361e-01 4.708529949188232422e+00 2.205173492431640625e+00 -5.352926254272460938e+00 7.931816577911376953e-02
-5.624338626861572266e+00 3.952581405639648438e+00 2.007228612899780273e+00 1.541632366180419922e+01 -5.845733165740966797e+00 7.382415771484375000e+00 -6.587176799774169922e+00 -7.765100955963134766e+00 7.253849506378173828e-01 3.031388521194458008e-01
-6.009545326232910156e+00 1.424641132354736328e+00 -1.432277798652648926e+00 1.134619903564453125e+01 -1.070037364959716797e+00 3.420174598693847656e+00 -6.592555046081542969e+00 -4.076168060302734375e+00 1.455369949340820312e+00 2.564826250076293945e+00
-4.248023033142089844e-02 -6.867634773254394531e+00 1.307881712913513184e+00 -3.671004772186279297e+00 -1.225149869918823242e+00 4.208623409271240234e+00 1.639988517761230469e+01 -5.942057609558105469e+00 2.386706113815307617e+00 -8.393161773681640625e+00
-1.040468978881835938e+01 2.004862546920776367e+00 1.217492699623107910e+00 1.339387798309326172e+01 -1.501756668090820312e+01 -1.481961905956268311e-01 -1.010994148254394531e+01 8.125676155090332031e+00 6.066701412200927734e+00 -5.118239298462867737e-02
-5.328928470611572266e+00 1.029385185241699219e+01 1.560317397117614746e+00 -6.287702918052673340e-01 -8.608398437500000000e-01 -5.014631748199462891e+00 -3.464450597763061523e+00 2.779697418212890625e+00 1.223118081688880920e-01 -5.988020420074462891e+00
-5.002871036529541016e+00 2.373567104339599609e+00 -7.388344287872314453e+00 -1.088619351387023926e+00 1.174469947814941406e+00 -1.509220600128173828e+00 -1.157059669494628906e+01 2.390115499496459961e+00 2.630308151245117188e+00 9.592267990112304688e+00
-8.184312820434570312e+00 -4.255130767822265625e+00 -5.611713603138923645e-02 -8.032926321029663086e-01 8.590235710144042969e+00 -8.910019397735595703e-01 -1.730689406394958496e+00 1.266924142837524414e+00 -2.289935111999511719e+00 4.260221004486083984e+00
-8.256222724914550781e+00 -8.606178283691406250e+00 -3.580482900142669678e-01 8.001015335321426392e-02 1.039783000946044922e+01 -4.430816173553466797e+00 -6.508593559265136719e-01 1.306772351264953613e+00 -2.593599081039428711e+00 7.595296382904052734e+00
-5.660027027130126953e+00 -5.138147354125976562e+00 -9.828131675720214844e+00 1.502774000167846680e+00 1.731046915054321289e+00 -2.287260532379150391e+00 -8.568908691406250000e+00 3.539438486099243164e+00 8.032533645629882812e+00 1.352351951599121094e+01
-6.074265956878662109e+00 -1.795381069183349609e+00 -5.859938144683837891e+00 1.916864156723022461e+00 3.612343072891235352e+00 -4.074512004852294922e+00 -5.933202266693115234e+00 3.583440542221069336e+00 1.453188776969909668e+00 1.038470172882080078e+01
-4.689853191375732422e+00 -7.928780555725097656e+00 2.256350278854370117e+00 -3.226330757141113281e+00 1.418254661560058594e+01 -1.088140964508056641e+00 -4.493525981903076172e+00 3.802501201629638672e+00 -4.799914836883544922e+00 6.617773532867431641e+00
-2.935556888580322266e+00 1.847796916961669922e+00 -3.753377676010131836e+00 1.283773183822631836e+00 8.199589848518371582e-01 2.811121940612792969e+00 6.138077259063720703e+00 -7.107405662536621094e+00 8.160724043846130371e-01 -3.943899631500244141e+00
2.206313514709472656e+01 -4.824627876281738281e+00 2.785946607589721680e+00 -8.265949249267578125e+00 -9.370098114013671875e+00 3.577053070068359375e+00 5.551328659057617188e+00 5.017465114593505859e+00 -6.303886890411376953e+00 -4.028483390808105469e+00
-5.553511142730712891e+00 -9.722424745559692383e-01 1.161594009399414062e+01 4.686795234680175781e+00 -5.986811161041259766e+00 -1.226750373840332031e+00 -4.263099193572998047e+00 1.197768449783325195e+00 -1.671278119087219238e+00 -5.562903404235839844e+00
-2.323418617248535156e+00 -5.988828182220458984e+00 -2.850566387176513672e+00 4.263519942760467529e-01 6.055511832237243652e-01 -2.330872774124145508e+00 -7.556766510009765625e+00 2.036448240280151367e+00 1.747597217559814453e+00 1.274091243743896484e+01
9.408956527709960938e+00 -2.581609487533569336e+00 2.343897819519042969e+00 -3.385340213775634766e+00 -5.774675369262695312e+00 9.813799858093261719e-01 7.460662126541137695e-01 1.186004519462585449e+00 -4.926466047763824463e-01 7.429531216621398926e-01
-5.981804847717285156e+00 -3.870985984802246094e+00 4.822120964527130127e-01 -1.486840248107910156e+00 9.676147460937500000e+00 -1.404483318328857422e+00 -2.165042161941528320e+00 1.290087308734655380e-02 -8.114354610443115234e-01 4.983073234558105469e+00
-6.443067073822021484e+00 -8.738101959228515625e+00 -5.579882621765136719e+00 4.601689815521240234e+00 -4.940609455108642578e+00 1.486183834075927734e+01 -5.684711933135986328e+00 -9.600208401679992676e-01 4.764229774475097656e+00 5.758308887481689453e+00
-7.244443416595458984e+00 9.186271667480468750e+00 -1.776586771011352539e+00 1.716599702835083008e+00 2.795952931046485901e-02 -2.700246334075927734e+00 -4.469054698944091797e+00 1.251929402351379395e+00 1.178558826446533203e+00 -1.335541605949401855e+00
-8.341400146484375000e+00 9.696787834167480469e+00 -2.427077293395996094e+00 -1.189453840255737305e+00 4.096021056175231934e-01 -3.196215331554412842e-01 2.607476234436035156e+00 -2.974382877349853516e+00 1.810289740562438965e+00 -6.035741329193115234e+00
-9.178168296813964844e+00 -7.279045581817626953e+00 3.990816175937652588e-01 -1.080781936645507812e+00 1.211445045471191406e+01 -3.602108240127563477e+00 -6.096160411834716797e-01 3.276964187622070312e+00 -1.816483616828918457e+00 4.697636604309082031e+00
2.295850276947021484e+00 -7.698276996612548828e+00 2.802310466766357422e+00 2.931453943252563477e+00 -9.924746513366699219e+00 3.761108398437500000e+00 -1.523296356201171875e+01 1.693943214416503906e+01 -3.172327280044555664e+00 3.064877748489379883e+00
-7.811990737915039062e+00 -7.169446945190429688e+00 -1.893651634454727173e-01 -4.411439418792724609e+00 1.611633110046386719e+01 -5.028059959411621094e+00 2.954343080520629883e+00 3.535825967788696289e+00 -4.052986145019531250e+00 5.378600120544433594e+00
4.634517431259155273e-01 -2.612047672271728516e+00 -1.557326316833496094e+00 3.787135124206542969e+00 -1.044973754882812500e+01 1.377563714981079102e+00 -6.431429386138916016e+00 2.346237421035766602e+00 8.036164283752441406e+00 2.426204204559326172e+00
-5.024146556854248047e+00 2.439419507980346680e+00 4.001143455505371094e+00 1.806980705261230469e+01 -7.853786468505859375e+00 7.296280384063720703e+00 -1.073458480834960938e+01 -1.285581398010253906e+01 1.702105522155761719e+00 5.170148372650146484e+00
-8.305819511413574219e+00 -8.799015998840332031e+00 -7.245624661445617676e-01 3.322635173797607422e+00 4.916034221649169922e+00 -2.419643104076385498e-01 -1.177865791320800781e+01 1.250673890113830566e+00 5.195813655853271484e+00 1.397622871398925781e+01
5.907447338104248047e+00 -6.239523887634277344e+00 -3.136241674423217773e+00 -1.939356803894042969e+00 -1.863656616210937500e+01 2.084214591979980469e+01 -3.317327260971069336e+00 -1.491305351257324219e+00 4.235178470611572266e+00 -4.737693667411804199e-01
5.195874691009521484e+00 -1.380921173095703125e+01 4.699059963226318359e+00 -1.233191871643066406e+01 6.323475837707519531e+00 -7.507975101470947266e-01 2.202270317077636719e+01 -2.522446632385253906e+00 -4.240004539489746094e+00 -5.388333797454833984e+00
-1.021223258972167969e+01 2.424277782440185547e+00 -2.657853841781616211e+00 1.538150882720947266e+01 -5.255853176116943359e+00 6.401387691497802734e+00 -9.821633338928222656e+00 -1.476471662521362305e+00 1.824558973312377930e+00 5.542846918106079102e-01
-7.942992210388183594e+00 8.636548995971679688e+00 -2.158737897872924805e+00 -1.493396759033203125e+00 5.417174696922302246e-01 -3.010879278182983398e+00 -2.145251274108886719e+00 1.510141611099243164e+00 1.346515059471130371e+00 -3.060030937194824219e+00
5.574385166168212891e+00 -6.190706253051757812e+00 2.411870002746582031e+00 -3.572125673294067383e+00 -6.415119647979736328e+00 5.258724689483642578e-01 1.248096466064453125e+01 -7.049211502075195312e+00 4.179027557373046875e+00 -2.488743782043457031e+00
-6.698029994964599609e+00 4.518828392028808594e+00 3.055552244186401367e+00 3.279475212097167969e+00 -4.903514385223388672e+00 9.769606590270996094e-01 -2.171926736831665039e+00 -7.833467960357666016e+00 1.175881385803222656e+01 3.850407600402832031e-01
-6.293292522430419922e+00 -3.772486746311187744e-01 -1.152361184358596802e-01 2.696947813034057617e+00 -3.222026824951171875e+00 -7.384416460990905762e-02 -2.259210824966430664e+00 -5.166764259338378906e+00 1.264462566375732422e+01 -1.072494387626647949e+00
-1.923446059226989746e+00 -4.236630916595458984e+00 3.733949422836303711e+00 5.077368736267089844e+00 -7.575428485870361328e+00 -3.050446510314941406e+00 -1.879016685485839844e+01 1.699273490905761719e+01 -2.476168870925903320e+00 7.834142208099365234e+00
-1.066512298583984375e+01 -4.430590152740478516e+00 -2.377895861864089966e-01 1.908078193664550781e+01 -6.447176933288574219e+00 1.448426246643066406e+00 -1.440803146362304688e+01 -8.914005160331726074e-01 4.656475067138671875e+00 4.443331241607666016e+00
1.268039512634277344e+01 -4.680363178253173828e+00 -6.832826733589172363e-01 -6.900187492370605469e+00 2.412955522537231445e+00 -1.821733117103576660e+00 7.067388057708740234e+00 2.099082916975021362e-01 -3.422327756881713867e+00 1.772852301597595215e+00
-7.067331314086914062e+00 8.851552963256835938e+00 -2.390950679779052734e+00 2.396393120288848877e-01 2.284027099609375000e+00 -3.716298580169677734e+00 -4.018077850341796875e+00 2.452182531356811523e+00 -1.329533159732818604e-01 -6.523293256759643555e-02
-6.451463222503662109e+00 3.294075429439544678e-01 -4.981978416442871094e+00 5.183203220367431641e-01 4.875789165496826172e+00 2.935058176517486572e-01 -3.727611303329467773e+00 1.479157209396362305e+00 2.490893840789794922e+00 4.411773681640625000e+00
-8.190264701843261719e+00 1.089484786987304688e+01 -2.447608232498168945e+00 7.302855253219604492e-01 1.357500672340393066e+00 -2.392206192016601562e+00 -2.360226392745971680e+00 7.719725370407104492e-01 3.778064548969268799e-01 -2.332195281982421875e+00
-6.617207050323486328e+00 1.029357051849365234e+01 -2.859207093715667725e-01 -1.986299395561218262e+00 -4.326317906379699707e-01 -4.192533016204833984e+00 -4.174899101257324219e+00 2.847643852233886719e+00 -1.255837917327880859e+00 -3.833960771560668945e+00
8.314726352691650391e-01 -1.110297107696533203e+01 -1.488023996353149414e+00 -5.274875164031982422e+00 2.314414978027343750e+00 -1.311561465263366699e+00 -3.464520454406738281e+00 2.340512514114379883e+00 2.588601350784301758e+00 1.047765922546386719e+01
-2.084547042846679688e+00 2.051594972610473633e+00 -3.736854493618011475e-01 1.451520156860351562e+01 -8.673198699951171875e+00 7.805238246917724609e+00 -8.239042282104492188e+00 -6.943286895751953125e+00 4.278952777385711670e-01 3.823939561843872070e-01
-4.086779356002807617e-01 -6.864111423492431641e-01 1.757493734359741211e+00 1.489389133453369141e+01 -9.109590530395507812e+00 1.095181274414062500e+01 -1.017343521118164062e+01 -1.077637195587158203e+01 1.751921139657497406e-02 4.927592277526855469e+00
2.460280227661132812e+01 -6.510375022888183594e+00 1.006131076812744141e+01 -6.550681114196777344e+00 -6.977277755737304688e+00 -2.907594680786132812e+00 6.311326980590820312e+00 -2.515183210372924805e+00 -3.980859994888305664e+00 -3.266582012176513672e+00
1.979481887817382812e+01 -5.269330978393554688e+00 4.581924915313720703e+00 -6.213747978210449219e+00 -9.070714950561523438e+00 3.631782054901123047e+00 2.907458782196044922e+00 1.908321827650070190e-01 -3.194973230361938477e+00 -2.057004213333129883e+00
-5.255831241607666016e+00 -7.568812370300292969e+00 -6.718856811523437500e+00 -4.884066581726074219e+00 5.634203433990478516e+00 5.269008874893188477e-01 -3.164029359817504883e+00 9.814882874488830566e-01 1.634499788284301758e+00 1.410960674285888672e+01
-5.695907115936279297e+00 1.021966266632080078e+01 -1.277216553688049316e+00 -3.166193962097167969e+00 -9.299426674842834473e-01 -3.707578659057617188e+00 -1.717388510704040527e+00 6.999544799327850342e-02 6.241774559020996094e-01 -4.189167022705078125e+00
-8.771727561950683594e+00 1.290150165557861328e+01 2.127293586730957031e+00 -6.458406448364257812e-01 2.056567430496215820e+00 -7.818072795867919922e+00 -2.381940603256225586e+00 3.447723865509033203e+00 3.534794092178344727e+00 -8.017406463623046875e+00
-2.888520956039428711e-01 -1.088772201538085938e+01 8.782263755798339844e+00 -1.282154750823974609e+01 6.111364841461181641e+00 2.969921350479125977e+00 2.269901466369628906e+01 -5.065626621246337891e+00 -2.830822229385375977e+00 -8.873711585998535156e+00
-5.651351928710937500e+00 1.181902599334716797e+01 3.978562653064727783e-01 -7.905127406120300293e-01 1.354045271873474121e-01 -8.315382957458496094e+00 -3.377864599227905273e+00 3.555069684982299805e+00 8.308568000793457031e-01 -6.596171379089355469e+00
-1.188231348991394043e+00 3.041440248489379883e+00 -2.545666933059692383e+00 1.980526542663574219e+01 -1.316439628601074219e+01 7.765298366546630859e+00 -1.087150382995605469e+01 -1.558528995513916016e+01 5.760612487792968750e+00 7.258688926696777344e+00
7.217537164688110352e-01 -6.376612186431884766e-02 2.539446651935577393e-01 -6.471384048461914062e+00 -4.964147567749023438e+00 3.954893350601196289e+00 9.892311096191406250e+00 -5.635715484619140625e+00 2.242508649826049805e+00 -1.586654305458068848e+00
-4.420263767242431641e+00 -4.347505569458007812e+00 -6.562954425811767578e+00 2.238282918930053711e+00 -5.772457718849182129e-01 -2.266601085662841797e+00 -9.211566925048828125e+00 6.039201736450195312e+00 4.364139080047607422e+00 1.179237937927246094e+01
-5.209377765655517578e+00 3.729374885559082031e+00 6.439257144927978516e+00 1.631225776672363281e+01 -4.635273456573486328e+00 -3.557774424552917480e-02 -7.088893413543701172e+00 -9.550603866577148438e+00 3.303326606750488281e+00 -2.297597646713256836e+00
-7.127800941467285156e+00 1.033825683593750000e+01 9.447710216045379639e-02 -8.283146619796752930e-01 -2.705057382583618164e+00 -4.321053028106689453e+00 -4.755323886871337891e+00 2.943881511688232422e+00 1.471669673919677734e+00 -3.763160467147827148e+00
1.253283786773681641e+01 -2.525772571563720703e+00 4.775091648101806641e+00 -4.653843879699707031e+00 -5.260915279388427734e+00 -5.182738304138183594e-01 5.485960483551025391e+00 -2.270251750946044922e+00 -1.968089818954467773e+00 -8.693242669105529785e-01
-9.291203498840332031e+00 1.057730197906494141e+01 2.123172044754028320e+00 6.171473264694213867e-01 3.378675460815429688e+00 -8.507547378540039062e+00 -1.986486554145812988e+00 4.571160316467285156e+00 1.725698232650756836e+00 -5.649166584014892578e+00
7.352551221847534180e-01 -7.027640342712402344e+00 8.819224357604980469e+00 1.216567158699035645e+00 4.758422374725341797e+00 -2.474571943283081055e+00 -4.270481586456298828e+00 -3.821598529815673828e+00 1.753610134124755859e+00 -2.425923824310302734e+00
-2.722080707550048828e+00 9.561228752136230469e-01 2.046331596374511719e+01 2.625623226165771484e+00 -3.945637702941894531e+00 -8.452787399291992188e+00 -1.566013216972351074e+00 -2.693419694900512695e+00 3.465092420578002930e+00 -8.588401794433593750e+00
2.681725025177001953e+00 -2.520490169525146484e+00 -8.223791122436523438e+00 4.044208049774169922e+00 -5.914167881011962891e+00 1.431487846374511719e+01 -2.864067316055297852e+00 -6.949260711669921875e+00 3.676950693130493164e+00 3.006225824356079102e-01
-4.277274608612060547e+00 1.624649047851562500e+00 -7.555723190307617188e-01 7.612360000610351562e+00 -4.754056930541992188e+00 -1.091619300842285156e+01 -1.383848381042480469e+01 1.245390319824218750e+01 7.119438797235488892e-02 5.463165283203125000e+00
2.003463363647460938e+01 -1.040011978149414062e+01 3.448406219482421875e+00 -1.480622410774230957e+00 -1.081901931762695312e+01 4.235743522644042969e+00 7.845558971166610718e-02 1.927525162696838379e+00 -1.394105434417724609e+00 4.043840408325195312e+00
-4.673323154449462891e+00 -3.301070630550384521e-01 2.036872148513793945e+00 1.240981769561767578e+01 -1.816971063613891602e+00 3.934642314910888672e+00 -6.146318912506103516e+00 -6.505222797393798828e+00 -5.519455671310424805e-01 1.653486847877502441e+00
